-1.35296 -0.817602 
0.552093 -1.50275 
1.33509 -0.688524 
0.721469 0.680434 
1.46781 -0.70358 
-1.40836 -0.689246 
0.12799 -0.651971 
-0.748003 -1.36477 
-1.47146 1.46202 
-1.4055 -0.668096 
-0.026086 -0.615343 
-1.37977 -1.42312 
-1.36485 -1.24135 
-1.37791 0.653001 
1.2722 1.42974 
1.50828 -1.24173 
-1.32275 0.695572 
-0.121437 1.45264 
0.788864 -0.562598 
-0.605976 -0.843127 
-0.855882 1.39253 
-0.634051 -1.38532 
-0.00761127 -0.697897 
-0.0483489 1.27875 
-1.41363 0.0164038 
1.34536 -0.693767 
0.670738 1.27799 
-1.3446 -0.688768 
-1.2553 1.44968 
-0.725057 -0.0600134 
-0.672921 -0.853316 
0.0482288 -1.3719 
1.23726 1.45316 
-0.735165 -0.699196 
1.37056 1.52257 
1.33055 -0.871906 
-1.46893 -0.76739 
-1.53322 -0.685081 
1.42015 0.578597 
-1.57719 0.602589 
1.31225 0.0147248 
-0.631685 -1.23935 
0.684177 -1.44491 
-0.718922 0.00572891 
-0.771171 -1.41228 
0.0708951 -1.60163 
-0.011086 -0.0144878 
-1.2969 0.14745 
-0.142031 0.75509 
-1.36491 0.70865 
0.0123047 0.0519898 
0.0102321 -0.0314405 
0.781883 -1.30192 
1.42037 0.0892928 
-1.43303 1.40867 
1.37708 1.33363 
-0.657161 -1.40079 
-1.4627 -0.00115024 
0.787883 1.47381 
-0.0633233 1.48795 
0.618288 0.0330286 
1.37843 1.28747 
0.0172919 1.31667 
-1.44347 -0.614035 
-1.33653 -1.28556 
-0.683119 0.00358926 
-0.761222 -1.51284 
-0.615001 -0.692689 
0.763714 -0.704552 
1.32484 0.806387 
1.31894 -0.0945621 
-1.34921 0.854471 
1.32656 -0.0220586 
0.77984 0.794466 
-0.029189 1.43588 
-0.691687 0.639668 
-1.37827 0.661485 
-0.719014 0.691459 
-0.749902 -0.695203 
-1.5125 -0.0349468 
-0.759273 1.29595 
-1.47339 -0.0140649 
1.49678 -0.630494 
-0.632841 -0.080892 
1.33153 -0.777961 
1.51004 0.666581 
1.53614 -1.35541 
0.768308 -0.668721 
-1.302 0.226884 
-0.808835 -0.660496 
-1.27265 -0.801326 
-1.43421 -0.677569 
0.00873718 1.37111 
1.43612 -0.0118168 
1.44508 1.28998 
1.33591 1.46618 
-1.41029 1.4475 
-0.63425 -0.106552 
-1.34216 -0.840403 
-1.52403 -0.665876 
0.736677 0.730878 
1.41033 1.45163 
0.605402 0.0774613 
-0.724306 1.48595 
-0.0332139 -0.100818 
0.645443 1.49716 
-0.69069 -0.167825 
-1.47507 1.32508 
0.807041 -1.48013 
-1.57732 -0.668453 
1.47124 1.45769 
-1.56332 -0.671713 
-1.53365 -0.702542 
-1.43721 0.0491996 
-0.649849 -1.3658 
0.66744 -0.0292682 
0.706738 0.825825 
0.715595 0.0392347 
1.40448 -0.785896 
1.41358 -1.40301 
-1.45304 -0.0963805 
0.732935 -0.0444025 
-0.761412 0.0247329 
1.45401 -0.735661 
-0.579346 -0.0907211 
0.0695488 0.654135 
-0.685724 -0.793753 
-0.0164259 0.014699 
-1.43766 -1.29242 
-0.11733 -1.35443 
1.36906 1.46106 
0.755608 -0.825567 
-1.40901 -1.42214 
-1.35503 -0.744865 
-0.820859 -1.40177 
-1.39438 -0.771716 
1.53369 -0.559252 
0.733324 0.691033 
0.749157 -1.49645 
-0.682235 1.39106 
-0.0755467 1.49562 
0.0734079 1.36905 
1.39525 -0.758483 
1.48332 -0.676436 
0.807225 1.3764 
-0.678803 -0.712071 
-0.155841 -0.735878 
0.598142 -0.809284 
1.47342 1.37661 
-0.0630147 -0.810746 
-0.0164599 0.0464662 
-1.3239 0.7152 
-0.808759 0.719944 
0.0278425 -0.548574 
0.733719 0.640304 
-1.49554 -1.41018 
1.44182 -0.634983 
0.0747597 -1.32967 
1.4045 0.705841 
0.712358 0.0362229 
0.0267536 -1.33104 
1.39585 0.0327521 
-1.40903 -1.44069 
-1.53904 1.44903 
0.664582 -1.37582 
0.757456 -1.31477 
0.107458 -0.735598 
0.669217 -0.645915 
1.39897 0.666442 
1.35986 -0.647668 
-1.32493 -1.56774 
-0.00125669 -0.784679 
-0.663436 -1.38038 
-1.37324 0.722932 
-1.45495 -0.721397 
0.772018 -0.596655 
0.650859 -1.3845 
-0.784488 0.0676001 
-0.620215 0.733316 
1.48963 -1.41728 
-1.35415 1.39637 
-1.42551 0.609458 
1.50388 -0.0520805 
-0.587342 0.786689 
-1.35949 -1.48713 
-1.36709 -1.43419 
0.0592206 -1.3894 
-0.696325 -1.40205 
0.148258 0.643569 
-0.729381 0.729461 
-0.737486 -0.652221 
1.47674 0.109908 
0.735943 -0.678981 
1.41891 -1.38479 
-0.779622 -1.4054 
-0.739238 -0.661563 
0.0752615 -1.44318 
0.511562 -1.43657 
-0.621709 1.48297 
-0.0299355 -1.44448 
-0.605131 -0.745886 
0.649337 -0.657367 
0.723434 0.685992 
-1.45211 -1.32314 
0.0384329 1.39211 
0.706854 0.0417492 
-1.36972 -1.45958 
0.737901 0.776748 
1.38143 -1.50865 
0.0636945 -0.752253 
1.40531 1.34585 
0.00929725 -0.127845 
-1.32426 1.45838 
-1.46118 -1.34206 
-0.639256 0.746451 
-0.786234 1.38408 
-1.36449 -0.827573 
-1.41218 0.0324943 
1.42326 0.762165 
1.39958 0.110407 
0.0758701 -0.660788 
-1.42411 0.0493237 
0.0858208 1.50715 
-0.749988 -0.627842 
1.37849 -1.37801 
-1.38698 0.628363 
0.793441 -0.0389139 
-0.730026 -0.814166 
-1.27405 -1.30416 
0.761789 -0.00887781 
1.45382 -0.635829 
0.597177 0.018822 
0.638678 -0.0306419 
1.37783 -0.819721 
0.638751 -1.43675 
-1.43807 1.49797 
0.620484 0.668922 
0.657086 -0.696969 
-1.32463 -0.7924 
0.0546004 1.34795 
-1.44141 1.6337 
0.0553522 1.42601 
-0.100314 0.725238 
-1.47701 -0.11418 
-0.673125 -0.829257 
-0.661441 -1.3513 
0.724501 -0.0478777 
-0.698446 0.675408 
0.0475812 0.732312 
-0.807193 0.731512 
-0.761318 -1.37239 
1.40775 -0.685562 
1.44818 -1.48198 
0.822323 -0.0591756 
-0.805709 0.684704 
-0.0208733 -0.0240039 
1.52495 -0.730548 
0.725523 1.30369 
1.50083 1.38601 
-1.47985 0.0525716 
-1.41478 0.712932 
1.45925 -0.049866 
0.0765236 0.58325 
0.700872 -0.70265 
-0.715769 1.37096 
0.623755 0.63886 
0.684724 0.615753 
0.715156 -0.0713986 
0.0133377 1.33678 
0.753646 0.841006 
-0.672369 0.697967 
-0.0476471 -1.3823 
1.41696 -0.0427124 
-0.744916 1.25362 
-0.013334 -1.47045 
-0.641977 -0.713632 
-1.50421 -0.110288 
1.39012 -0.582619 
-0.814995 -1.39409 
1.34134 0.669095 
0.600511 0.0912972 
0.754221 0.698702 
-1.27326 -0.746908 
1.44168 1.34937 
-1.48618 -0.814023 
-1.43462 1.42375 
0.770952 1.28114 
1.29909 -0.00655249 
0.708005 1.27172 
0.687322 1.35296 
0.803211 -1.3326 
0.758609 -0.0111271 
-0.69963 1.46841 
-0.789438 -1.46182 
0.0631671 -1.52938 
1.46862 -1.44355 
-0.682151 -0.033565 
0.042141 0.684032 
0.582934 1.47111 
0.0777264 -1.36327 
1.27316 0.0108747 
-1.31984 -0.688038 
0.0707541 -0.739177 
0.690386 0.659872 
-1.45558 0.75946 
-1.36124 -0.660127 
-0.559656 -0.169666 
1.42984 -0.821574 
-0.703756 1.42886 
-0.629304 0.588948 
0.0294651 0.652888 
-0.116503 0.737594 
0.792991 0.801771 
-0.0387889 -1.4353 
0.797401 1.34192 
-0.489538 0.608627 
-0.7255 0.00896595 
0.64029 -1.65495 
1.4543 1.37469 
-0.623476 1.40777 
-0.0176853 -1.35509 
0.780238 -0.688562 
0.776319 0.664964 
1.435 0.674262 
1.27724 1.23746 
-1.44577 0.788954 
1.40862 0.871363 
0.0883895 0.640252 
-1.44482 0.638964 
0.68421 0.67769 
1.43185 1.49859 
0.800401 -0.722175 
-1.46259 1.33176 
-1.3573 -0.67783 
0.522772 0.694176 
1.34118 0.727369 
-1.29734 -0.765183 
-1.41907 -1.30104 
0.718618 0.658176 
1.35823 -1.3239 
0.766607 0.788719 
1.33295 1.48959 
-0.780248 -1.4292 
-0.739432 0.799608 
1.3415 -0.917685 
0.608734 0.687632 
-0.751338 -0.670946 
-1.46649 -0.114697 
-1.43867 -0.601976 
1.38949 -0.168655 
-0.77008 0.00344007 
-0.100422 -0.157192 
-0.669533 -0.638779 
-0.00217654 0.651311 
0.687208 -0.0135546 
1.46995 -0.647349 
0.716337 1.45856 
-1.40092 0.692467 
-1.40349 0.0508398 
0.655614 0.106413 
-0.761551 1.29683 
0.0291796 1.45219 
-0.0428129 -0.76958 
1.48043 -0.799329 
-0.73423 1.46406 
0.826547 1.44783 
-1.42061 -1.41649 
0.108867 -0.618271 
0.706032 0.786388 
-1.43058 -0.055097 
-0.672738 0.660677 
-1.31645 0.046817 
-0.0509967 -1.36961 
0.529228 0.0383033 
1.27064 -0.763551 
-1.41498 -0.818543 
1.45904 -0.00900164 
0.666666 -0.00312823 
-1.39677 -0.741664 
-1.33996 -0.770206 
0.720595 -1.50951 
0.0400664 0.0364029 
-1.29182 -0.884629 
-0.7126 0.715096 
0.0494262 0.731851 
0.839841 -0.625381 
-0.670297 -1.41196 
-1.40045 -1.30694 
-0.733847 -0.165903 
1.4182 0.710705 
-0.634769 1.42303 
-1.34516 0.0614511 
1.32188 0.104917 
-1.39698 1.44825 
-1.40125 -1.33658 
-0.71972 -1.39139 
-0.633604 0.620421 
1.53819 0.0556798 
0.600647 0.0982387 
0.773213 -0.0350509 
0.757655 0.705325 
-0.724493 -0.60632 
1.50415 -1.36238 
0.0383035 -1.41054 
-1.55844 1.38191 
-0.659595 -0.816206 
0.769111 -0.00331136 
-1.40645 0.0164348 
1.34067 -1.46568 
1.32386 0.857301 
0.0519851 0.676909 
-1.40453 -0.763997 
1.3576 -0.777017 
-1.25276 -0.733191 
0.771268 1.32797 
-1.3645 -0.664104 
1.41996 0.674094 
-0.806223 1.25416 
0.0426882 -0.667196 
-0.0817165 -1.57111 
-0.648471 1.42879 
0.752499 -1.2821 
-0.802452 1.30864 
-0.649217 0.655415 
-0.690996 -0.76779 
1.31158 1.48627 
0.772043 0.793291 
-0.133022 -0.0996723 
-0.0225703 1.3653 
-1.20902 1.40301 
0.709885 0.721907 
1.44067 1.44676 
1.43566 -1.37012 
-0.0912793 -0.0344962 
-0.633276 -1.44435 
0.687467 0.668005 
0.726531 -1.51386 
-0.593238 0.486746 
-1.44215 -1.35576 
0.0211162 -0.0373895 
1.29563 -1.52471 
1.46748 0.614307 
-0.0549506 -0.681436 
-1.36896 -0.804938 
-0.0432727 0.717937 
1.36774 0.0573409 
-0.633979 -1.38298 
0.78624 -0.571447 
-1.45187 -1.3237 
-0.641742 -0.71407 
-1.52604 -1.37626 
-1.40909 0.0114142 
1.24374 -0.730715 
-1.25301 -0.859801 
0.693333 1.51251 
-0.679529 -1.47756 
-1.36682 0.735179 
1.50566 1.43559 
1.54582 0.752056 
-1.41297 0.553954 
-0.0674889 -0.684891 
-0.662178 1.4633 
-0.769216 -1.39208 
-0.0568876 -0.898555 
0.116471 0.0622287 
-0.0164985 0.715052 
-0.679495 -0.196605 
-0.75028 -0.725979 
-0.702334 0.762226 
0.640428 -1.51232 
1.49772 1.362 
1.35862 -0.611833 
0.714497 0.0376281 
-0.886512 0.816046 
-1.47353 -1.40766 
0.743305 -0.72508 
0.746263 -0.669323 
-0.604255 1.4126 
1.45681 0.76944 
0.71536 -0.668273 
-1.33742 -1.2979 
-0.0972938 0.789664 
-0.75684 -0.687661 
0.746529 -0.0799646 
0.0398756 0.0480846 
-0.789886 0.0323825 
0.011221 -0.646152 
0.0316407 -0.0531956 
0.049809 1.49148 
1.33491 0.578555 
-0.00188664 -0.0164219 
-1.34691 1.39144 
-0.00242306 0.729895 
1.31125 0.703835 
0.00717864 -1.39931 
-0.739969 -0.0415816 
1.44116 0.645621 
0.660869 1.40582 
0.673194 -0.660534 
-1.35429 0.867931 
-0.7724 0.700812 
-0.0331121 1.45112 
-1.53777 -1.3938 
0.0367751 -0.713856 
-1.54105 1.33238 
-0.665455 -0.813288 
0.588488 -0.774751 
-0.721017 1.45789 
-1.40664 1.35684 
-0.00510985 -0.602944 
-0.673884 -0.74994 
1.26967 -0.763677 
-0.692193 0.780988 
-0.154916 1.45507 
-0.638803 -1.35241 
1.34504 -1.46376 
-0.143695 1.45067 
0.699727 1.3164 
0.558724 -1.456 
0.0735024 0.66826 
1.44909 1.45054 
0.608183 -0.79874 
-0.738587 0.741965 
-0.0946937 -0.0532098 
0.0885413 -1.39685 
1.47606 0.837445 
-0.108252 1.34173 
-0.0453407 -1.42057 
0.669282 0.0376894 
-0.0235574 0.734402 
-0.0195976 -0.0623922 
0.121041 0.0670634 
-0.73175 -0.724299 
0.0371795 -0.595002 
-1.25453 -1.29249 
-1.45062 0.000933452 
-0.0951699 0.805412 
-0.61993 -0.0167066 
-0.704039 0.752516 
1.31549 1.37657 
-0.664384 1.45432 
0.6587 1.31898 
0.680286 -0.707789 
1.39074 -0.688493 
-0.718989 0.039385 
1.40576 -0.0648865 
1.49757 0.766968 
-1.41274 -0.0119802 
-0.652668 1.38458 
0.035531 -1.54703 
-1.51222 -0.679671 
-0.642738 -1.38571 
-0.787181 -0.729933 
0.739598 -0.68797 
0.0109874 1.51696 
-1.39903 -0.0267069 
-1.36745 0.758975 
0.629306 0.689318 
-1.37123 0.0704148 
1.44645 -0.668508 
-0.672598 1.45319 
-1.54025 -1.46648 
-0.133641 -0.682057 
1.40692 1.32471 
-1.47532 -0.0914677 
0.95255 -0.10788 
0.739517 1.4104 
-1.42457 0.0486989 
0.711077 -1.36264 
-0.679496 -0.614139 
-0.733706 -0.65763 
-0.679925 0.0595744 
-1.26639 -0.783973 
0.689639 0.641997 
-1.48807 1.38244 
-0.565081 -0.0227796 
-0.66859 1.47828 
1.59095 -0.744995 
0.701403 -0.0504888 
-1.39311 1.43397 
1.36962 -0.769886 
0.798819 1.43406 
0.027183 0.670185 
1.40931 -0.611033 
0.759273 -0.013108 
-0.602541 0.618896 
-0.700382 -0.729004 
-0.097673 0.786786 
0.679502 0.648217 
-0.685583 -0.659529 
-1.31226 1.38991 
-0.0273228 -1.46544 
1.40607 -1.43488 
0.782122 -0.0840865 
-0.761721 1.32946 
-0.758728 1.47569 
0.0471884 0.072093 
-0.696487 0.764023 
-1.39446 -1.37346 
0.827904 0.820572 
-0.102397 -0.192119 
0.0938621 -0.66178 
-0.0196657 0.667211 
1.45516 0.63667 
-0.756428 0.819462 
0.632675 0.670026 
1.29027 0.67351 
-0.743494 0.67631 
0.0834493 -0.023046 
-0.113264 0.734253 
-0.781126 -1.4976 
1.58465 -0.13611 
0.0709498 0.0366529 
1.49499 0.560376 
0.799267 -1.36872 
0.849006 -0.66839 
0.6732 -1.3842 
-1.34914 1.4093 
-0.733957 -1.35272 
-0.682102 1.37151 
1.35531 1.40327 
1.4361 -0.757347 
-0.0664992 -0.739257 
-1.59498 -0.111242 
-0.667183 -0.75628 
-1.48548 -0.718118 
1.40986 1.41813 
-1.49146 1.35726 
-0.0500975 -1.37141 
0.646276 -0.715983 
0.681099 -0.855045 
-1.36574 1.33551 
0.610358 -0.745877 
0.022634 1.49459 
-0.669182 0.655826 
-0.0801115 -0.0397348 
1.35942 0.662807 
-0.0171902 0.786474 
1.34444 0.757296 
-1.4649 -0.756162 
-1.39442 0.143221 
-1.51802 -0.125175 
-0.0278392 -1.4231 
-1.41559 1.35869 
-0.0722378 1.37445 
1.44781 1.39962 
0.728222 -0.50033 
0.539391 -1.34845 
0.659874 0.687842 
-1.48361 -0.682491 
-0.0357157 0.689612 
0.508826 -1.4279 
0.600575 0.687361 
0.766396 -1.45543 
1.40563 -1.45198 
-0.790131 -1.50495 
1.50374 -0.152026 
-0.578249 -1.30537 
1.4623 1.39391 
-0.701414 -1.51157 
0.0627569 -1.47634 
-0.0417982 0.718678 
0.686505 -0.0378381 
-1.46472 0.69723 
1.46694 -0.73205 
-0.770068 0.767285 
-0.093027 1.36349 
0.626823 0.686632 
1.51228 -0.662263 
-0.756857 1.36206 
1.43582 1.43076 
0.74048 0.835766 
0.662529 1.38484 
1.47511 -0.654359 
1.3228 0.103283 
-1.42634 1.35016 
0.0144854 1.33986 
-0.0502608 0.00813778 
1.40819 -1.43447 
-0.612308 0.018731 
-0.773756 0.0621509 
1.46715 -1.36472 
-1.41844 0.713668 
1.37372 1.3416 
-1.36349 -1.35559 
-1.44242 1.40269 
-0.654911 -0.754333 
0.067531 0.612339 
-0.657779 -0.0292109 
-0.0317144 -1.43186 
-0.722403 -0.732324 
0.71831 0.710084 
-1.36822 0.624575 
0.737083 -0.0830958 
-0.70574 0.623819 
0.635176 -0.757707 
-0.0510502 -1.37459 
-1.47168 1.47863 
-0.686867 -1.37467 
-0.0393348 -0.750391 
-0.685734 -1.43562 
-0.767093 -1.50812 
-0.732622 1.37339 
-1.35032 1.42832 
-1.48775 -0.62997 
0.10251 1.26597 
-0.850944 1.33938 
-1.5311 0.5875 
0.844472 0.681826 
1.36235 -1.37803 
0.698872 -0.747986 
-1.45561 -0.79927 
1.44392 -1.33404 
0.0330975 -0.7938 
0.687732 1.26381 
1.45832 1.35732 
-0.0369352 -0.120379 
0.80187 -1.30655 
-1.52542 0.707053 
0.580142 0.135074 
0.0237379 1.25397 
1.50707 0.758951 
-0.739005 0.667201 
0.731723 0.765862 
1.45268 -0.147533 
1.24709 -1.55105 
0.80723 -1.3441 
0.687083 1.46521 
1.44801 -0.624579 
0.69985 -1.40274 
-1.29524 0.768274 
-0.748302 0.704338 
1.45164 -0.710907 
-1.45901 -1.47998 
0.7584 0.717483 
-0.530681 0.566418 
-1.53438 0.73164 
-1.42772 1.44749 
-0.0718053 1.48077 
1.49607 -0.0462659 
0.781161 1.4271 
-1.41225 -0.759161 
0.779972 -0.100521 
-1.40267 1.31115 
0.0845255 1.35785 
0.667648 1.43997 
0.574376 -0.795056 
-1.50646 1.24971 
1.38699 -0.02264 
0.0668506 0.119568 
0.655515 -1.53449 
-0.638884 -1.41175 
1.34389 -0.0916573 
-1.40437 1.40597 
0.0356365 -1.39342 
-0.775798 0.023066 
-1.39326 1.37382 
-1.49008 0.654228 
-0.710091 -1.39752 
0.0598341 -0.770665 
0.668669 -1.45243 
1.2742 0.586191 
1.36743 -1.47399 
0.774879 -0.699024 
1.52456 -0.798582 
-1.37576 1.42829 
1.26714 -0.697515 
1.29242 -0.682449 
-1.51672 1.37563 
-0.687422 0.0140983 
-0.569285 1.4087 
-0.600807 -0.10138 
0.727241 -0.0422913 
-1.44649 1.39417 
0.793078 -1.34374 
-0.694975 0.682141 
1.46252 -1.45515 
1.4128 1.35757 
-0.601441 -0.0865178 
1.43194 -0.786463 
0.0554257 0.674824 
-0.721188 0.703302 
-0.0111573 -0.0484326 
0.641525 1.43274 
-0.00106779 -0.0313992 
-1.30739 -1.45416 
1.48902 0.0424109 
-1.42875 1.41248 
1.27696 0.0887028 
-0.787754 1.39053 
0.755673 0.846279 
-0.154143 1.39037 
0.0679094 -1.38123 
-1.37098 0.113953 
1.37891 0.00738062 
1.43816 1.42763 
-0.649779 1.35554 
-1.5123 -1.49346 
-0.10663 -0.0692312 
1.42915 -1.35562 
-0.655182 -0.62408 
0.0162762 -1.44698 
0.66792 -1.42367 
-0.113031 -0.748196 
0.755463 -0.1268 
0.742257 -1.38393 
-1.37632 1.40424 
1.35424 -1.50003 
1.44749 0.108363 
-0.729275 -1.28859 
-0.636774 1.42508 
1.44528 0.0480754 
-1.29947 -0.0599205 
0.682736 -0.694119 
-1.40941 -0.0457955 
0.0237868 0.0414138 
0.765048 1.41664 
-1.48834 0.0675945 
0.805738 0.00469738 
0.756875 0.743133 
0.792098 -0.79017 
-1.35018 -0.713993 
-0.849577 0.0836061 
-1.36515 0.615175 
-0.620504 -0.0391405 
-0.577637 1.44428 
0.0568909 1.32777 
-1.36043 1.40672 
1.27194 1.49989 
-1.31684 1.27486 
1.41122 0.0186018 
1.37789 0.626952 
-1.2109 0.11104 
0.591312 1.44685 
1.4274 -0.722213 
0.718092 -1.37352 
-0.696367 1.46955 
-1.57689 -0.0569403 
-0.639761 0.623798 
-0.805243 1.43473 
-0.653777 -1.42121 
-1.43801 -0.679555 
1.40723 0.777851 
-1.38178 -0.0216745 
0.041123 -1.41455 
1.33482 -0.739959 
0.708908 -0.703541 
0.843902 -0.634444 
-0.69226 1.38308 
-1.54821 -1.4209 
0.152306 1.46238 
0.677818 0.000718627 
1.45615 -0.766269 
0.660637 -1.40966 
-1.50479 -0.18875 
-1.4299 -1.4037 
0.805143 -1.41939 
-1.47251 1.48774 
-1.40234 0.754792 
0.793928 -0.0747648 
-1.39047 -1.43492 
-1.37642 -1.48649 
1.45327 -0.64256 
-0.613581 -1.46915 
-1.38399 0.593098 
1.45032 0.0558756 
1.27889 -1.39425 
1.42735 -0.116703 
0.0479038 0.0309169 
-0.661275 -0.0333434 
-0.091122 0.748794 
-0.627005 0.00678484 
1.5251 0.0758646 
0.715422 1.50589 
1.43049 0.0201957 
-0.0782678 -0.70268 
1.61312 0.0848703 
0.673829 -0.174757 
1.46723 -0.0605993 
-1.42633 -1.3988 
0.674876 -0.00734024 
0.682669 -1.50357 
-0.656551 0.751311 
0.061141 1.3989 
-0.608461 -1.41354 
0.0132491 0.683397 
-1.43428 -0.0409634 
-1.35883 -1.54331 
1.37085 1.37638 
-0.719908 -1.39204 
1.33786 0.0276983 
-0.0318911 0.688484 
-0.701106 0.718377 
-1.38888 1.4669 
-1.45505 -1.36017 
0.674148 0.762826 
-0.687255 -1.51564 
-0.000543144 0.715824 
-0.033409 -1.47734 
-0.644584 -0.813692 
0.68081 0.00883129 
1.48456 0.652639 
1.48129 -0.00820248 
-0.627193 1.37164 
0.728373 1.38127 
-1.43438 -1.44846 
-0.585148 -0.738385 
0.81025 1.42295 
-0.041591 0.00784045 
-0.597552 1.42778 
1.4102 0.65386 
-0.697755 -1.35815 
-1.3748 0.0232786 
1.56027 -1.38452 
0.809995 1.33066 
-0.651916 -0.670545 
-0.618354 -0.737562 
1.40018 -0.64724 
0.615635 -1.36325 
1.46086 -0.71659 
0.708534 1.3765 
0.672524 -1.34946 
1.55252 0.681553 
0.654895 -1.33889 
-0.843237 -0.741645 
0.741681 -0.680819 
-1.34639 -0.753067 
0.741237 -1.34215 
1.48582 0.653011 
-0.762577 1.35976 
0.0162759 0.706649 
-0.701459 -0.038142 
-0.883472 1.36691 
-0.631473 -0.744391 
1.34598 -1.53888 
-0.786326 -0.688948 
0.759801 -0.101029 
1.46226 0.649075 
1.32213 0.812095 
-1.49542 -1.33881 
0.691618 1.37897 
-1.38313 0.815248 
-0.736628 -0.818447 
-1.45968 0.025883 
-0.69286 0.65353 
0.61792 1.34763 
-1.46084 -1.55769 
-1.41594 0.454178 
-1.38509 -1.45807 
1.43384 0.552975 
-1.35859 -1.37274 
-0.00952046 0.764036 
0.663566 1.36894 
-0.672875 -0.654218 
1.4134 -1.45451 
0.0607632 -1.42189 
1.42423 0.644079 
0.0103875 -1.53017 
-1.39376 -1.32753 
-1.47493 0.60058 
0.746175 -1.47525 
0.0174019 0.690822 
-0.0218462 1.33113 
-0.62477 -1.41348 
-1.41038 1.48277 
-0.0240993 -1.35506 
-1.45721 -1.40287 
-1.42155 -0.597579 
1.43075 -1.30088 
1.33556 -0.0514566 
0.714946 -1.44335 
1.3813 1.45039 
-0.0514384 -0.663773 
-0.802285 -0.569341 
1.31394 -1.48991 
1.1508 0.683678 
-0.635446 -1.40279 
1.3305 0.0081163 
-0.595784 -0.709283 
1.44157 -1.43912 
-0.150661 -0.0775383 
0.581028 -0.682994 
-0.694377 0.715852 
-1.46621 -1.41983 
-0.675491 1.42284 
-0.029386 -1.40319 
-1.41613 -1.54693 
0.0263219 -0.039937 
-0.0346968 -1.42958 
-1.38695 -0.621588 
-1.39551 -0.0277533 
0.0863018 -1.37268 
-1.42735 1.35817 
-0.0430586 -0.0290325 
0.068435 0.0258346 
-1.46945 1.50768 
1.41594 0.725557 
-0.0514774 -0.00389606 
-1.45877 -1.52275 
-0.66525 -1.30418 
-0.827439 0.0455269 
-0.639933 1.47997 
-1.43959 1.40347 
-0.0848266 0.832439 
1.39271 0.721599 
0.017845 0.00291485 
-0.621696 0.625313 
-1.41137 0.0234454 
-1.49661 -0.679094 
-1.28727 -0.756807 
1.31545 1.35441 
-0.673118 -0.645884 
0.665466 0.635284 
-0.738366 0.0150717 
-0.664441 -0.682147 
0.769356 -0.724278 
-0.612663 -0.761766 
0.040586 -0.740174 
-1.405 0.0946309 
1.3322 0.752997 
1.28388 1.40916 
0.721275 -0.0491019 
-0.60579 -1.38745 
0.0970567 0.645673 
1.54203 -1.29416 
0.0501405 -1.32596 
0.773117 -0.0253209 
-0.623968 1.5332 
-1.41225 -1.45878 
1.30916 0.64973 
0.757257 1.49866 
-1.44541 0.596878 
-0.607322 1.48467 
0.742588 -1.57231 
0.748388 -1.41897 
-0.778041 1.33454 
-1.43391 1.37778 
-1.4149 1.49512 
-1.26492 -1.44874 
0.731937 0.736323 
0.540151 -0.693781 
1.37759 1.37773 
1.36968 -1.41126 
0.658696 1.47193 
1.46006 -0.0639115 
1.47187 0.777043 
0.647114 -0.686135 
-1.34692 1.5127 
0.62704 -1.42699 
1.57783 1.4351 
0.785324 -0.137362 
0.760885 1.40486 
-1.38269 0.706571 
1.39983 1.36001 
-0.706659 0.689515 
-0.0929055 -0.73741 
0.744062 1.54193 
1.54001 -0.047696 
-0.01057 -1.45822 
-0.623039 0.034877 
1.40027 1.48858 
1.40357 0.751048 
-0.00745416 -0.638764 
0.611781 1.31365 
-1.49568 1.42423 
-1.36624 0.703462 
1.41473 1.45315 
-0.10491 -0.765701 
0.0206965 1.51682 
-0.00503644 -1.39743 
-0.0134506 -0.681216 
-0.0335987 -1.34096 
-0.774736 0.726714 
-0.647901 -1.35616 
-0.765075 -1.46823 
0.701696 -1.35718 
0.625869 -0.0306206 
-0.765106 -1.41967 
-0.0202111 -0.566166 
0.00997884 0.709463 
-1.33637 -1.4008 
0.711243 0.677863 
-0.833269 -0.689525 
0.66326 0.745969 
1.32191 -1.52127 
-1.3642 0.633899 
1.38389 -1.35905 
-1.53779 -0.67627 
1.31325 -0.630003 
-0.0462465 0.714131 
-1.41977 0.00234582 
-1.49822 1.49307 
-1.43735 0.646387 
-0.085407 -1.43284 
1.40422 -1.38978 
-0.710032 0.698481 
-0.737597 -0.610654 
1.35337 -1.38704 
-0.0629244 0.636172 
1.39262 -0.015176 
1.33528 -1.51502 
-1.56699 -1.40391 
0.75487 0.651755 
-1.33071 1.4117 
-0.17278 -0.222587 
1.45688 1.53949 
-0.608198 -0.654499 
-1.3798 1.46479 
1.49287 1.48422 
-1.43068 -0.0201043 
1.44767 -0.635256 
-0.641161 0.634747 
0.0582441 -1.4434 
-1.37331 -0.0523679 
0.670823 1.38043 
0.625011 0.539472 
-1.38348 1.4181 
0.0306401 -1.2687 
3.73556e-05 -0.0270073 
0.852279 -0.139166 
-0.716202 1.44217 
1.42136 -1.43275 
0.758181 2.57876e-06 
0.000462387 -1.36424 
-0.603945 1.49982 
-1.39395 0.638431 
-0.767714 0.651269 
0.668199 -0.717485 
-0.780064 -1.40816 
-0.738146 -1.35344 
-0.736252 0.741785 
-1.40388 -1.42713 
1.48757 1.48272 
-0.864125 -0.0116695 
0.722596 1.51704 
1.46771 -0.0381892 
1.29697 1.38316 
0.665275 1.25131 
1.47599 0.744911 
1.51403 0.534664 
-1.36102 -0.0384957 
-0.0186074 0.683868 
-0.826089 -0.714978 
0.720415 0.632638 
0.0265722 0.677173 
1.47107 -0.0266296 
-0.810739 -1.25666 
-0.600713 -1.39189 
0.692418 -0.0280846 
1.39386 0.145497 
0.646395 -1.50725 
0.101306 0.53697 
-0.68861 0.0379475 
1.49731 -0.666367 
0.0399143 1.4537 
1.4607 -0.737146 
0.680099 1.41753 
1.49587 -1.34778 
0.777456 -0.665112 
-0.706854 0.0274385 
-0.739435 -0.0909482 
0.749832 1.29198 
-1.40919 -1.46695 
1.45139 0.103879 
-0.644673 1.35026 
1.32727 -0.651117 
0.636495 -1.57689 
0.667877 -0.876688 
-0.750273 0.0172494 
1.48987 -0.82795 
1.39244 1.40471 
0.700737 -1.28714 
0.742828 0.673859 
1.4315 -0.833166 
-1.52969 1.3931 
-0.0184867 1.25352 
1.42375 0.649419 
-0.652244 1.45082 
0.0204604 -0.584287 
-0.069719 1.43058 
-0.839119 -0.69346 
0.585918 -1.44876 
-0.0827133 -1.43384 
-0.723251 0.662203 
-1.49572 0.750709 
-0.0274208 1.38011 
-0.740788 1.36884 
-1.34585 -0.724398 
1.32096 -1.44091 
1.49927 1.42055 
0.769233 0.0130469 
-0.67478 -0.630943 
1.34057 -1.46936 
-0.887431 1.36787 
0.0430844 0.0309747 
0.139435 1.4128 
-0.0283222 -1.38848 
-0.0292757 -1.35219 
-0.723176 -0.0579032 
1.48073 0.728301 
1.39457 -1.38192 
1.31829 0.728933 
-1.59515 -1.42107 
0.07161 1.34904 
0.746388 1.54536 
0.750926 -0.13124 
1.46654 0.644216 
-1.40499 -0.786814 
-0.0894759 1.41293 
-0.697786 -1.38996 
-0.633333 -1.2831 
1.30575 -0.650385 
1.4365 1.47831 
-0.712353 1.42143 
-1.3289 -1.47757 
1.54691 1.41356 
-1.46974 -0.606908 
0.656766 0.657996 
0.593372 -0.663314 
0.681235 0.0308528 
-0.812114 0.803942 
1.44499 1.44707 
-1.42676 -1.32266 
-0.774985 -0.588607 
1.42067 0.0743733 
0.677562 0.751894 
-1.40061 1.33236 
-0.787715 -1.43 
-0.616486 0.725464 
1.54741 1.30543 
-0.126109 -0.754666 
-0.0573372 0.700487 
0.816393 0.777797 
0.0549774 0.633672 
0.0096716 0.696756 
1.44923 -1.26018 
-1.42173 1.319 
-0.732827 -1.47351 
0.627705 1.50698 
0.574615 1.46889 
-1.59457 -0.690037 
-0.805663 0.832284 
-1.31968 -0.702127 
-1.22955 -1.37335 
1.4341 -0.821604 
-1.34795 0.0479387 
0.760897 -1.34514 
0.540118 0.612573 
0.0563095 0.040374 
-0.0647776 -0.67918 
-1.55561 1.41102 
-0.671785 0.626356 
0.783965 -0.682528 
1.54821 -1.27594 
1.38123 0.0804998 
-0.592581 -1.33324 
0.67679 -0.0306988 
-0.834448 -1.43167 
0.842722 -0.534496 
1.6076 1.45764 
-1.31211 -1.29475 
0.754409 -0.196171 
-1.37399 0.0237452 
-1.42405 -0.088198 
0.0323323 -0.685775 
-1.33175 0.0884596 
0.620203 -0.784359 
-1.42289 -1.43317 
-0.110062 -1.41861 
0.741274 -0.0126504 
0.570818 0.598167 
-1.27688 0.620406 
0.000354854 -1.41029 
1.29218 1.29352 
-0.733501 0.743154 
-1.44347 -1.39017 
-1.31396 -0.121589 
-0.0487827 0.0208325 
1.31856 -0.0285049 
1.51426 -0.757015 
1.40149 1.47502 
1.33468 1.36808 
-0.876979 -0.716786 
-0.666766 -0.794736 
1.4425 0.777994 
-0.0167087 -0.632805 
0.0246992 1.43199 
1.49438 -0.739098 
-0.582949 0.715448 
0.00145738 1.53884 
0.0400739 1.43273 
0.0213666 -0.0529973 
-0.582256 1.51924 
-1.40239 0.0933377 
-1.45397 1.35949 
0.0476786 -1.47396 
0.683216 -0.0138411 
0.765879 -0.643733 
0.639836 -0.739779 
0.828773 -0.106631 
1.35115 0.0061429 
0.0311943 0.740885 
-0.606068 -1.37854 
0.0417841 -1.4109 
0.152052 -1.49242 
-0.0554521 1.49201 
-1.32195 0.166381 
1.37208 -1.50434 
0.0129908 -0.602202 
0.680307 -0.750457 
-0.0122976 0.0280526 
0.800483 -0.641337 
0.670554 -0.748341 
0.0153071 1.44358 
-0.67003 -1.38121 
-0.815337 0.751417 
0.674401 1.41838 
1.39649 -0.658476 
0.809796 -1.42881 
0.553158 -1.4145 
1.40927 -0.673344 
0.752779 0.0424044 
-0.0847181 -0.727247 
-0.770082 -0.65125 
0.681807 1.46703 
-0.108231 -0.0416055 
0.0033503 1.37296 
-1.38885 0.760834 
0.00800859 -0.851946 
-1.34681 -0.714993 
-1.41233 0.589848 
1.4133 -1.47545 
0.735729 1.49391 
0.766371 1.45287 
0.709629 -0.750764 
-0.71699 0.845243 
1.38702 -0.789149 
0.0312437 1.41113 
1.40637 -0.633672 
0.62017 1.38879 
-1.3409 -0.768396 
-1.35057 -1.50952 
1.38013 -1.3387 
-0.613319 1.48037 
-0.808063 1.47611 
-0.0943197 -1.36676 
-1.45363 1.32083 
-1.54807 -0.181783 
-0.00545381 -1.37893 
-1.40621 -0.887022 
-1.29602 0.0823494 
-0.756313 -0.695596 
0.0251163 1.30736 
-0.675572 0.00701109 
-1.45661 0.0168769 
1.36413 0.810186 
-0.620885 0.0202121 
-0.0707039 0.765732 
1.50252 1.42683 
-0.755379 0.680879 
1.54327 -0.729829 
-1.35406 0.036036 
0.705151 0.673004 
-0.823137 -1.48595 
-1.42131 -1.44326 
1.48975 0.734035 
-0.758357 -0.00361184 
1.38878 1.39969 
0.616051 0.76209 
-1.46047 1.40331 
-0.659917 1.44511 
-1.43558 -1.45385 
-0.0396008 0.778193 
0.655949 -0.700054 
0.196117 0.688893 
1.50936 -1.39503 
0.764601 -1.44299 
-0.661554 -0.698815 
-1.52905 1.38347 
-0.597664 -1.37579 
-0.048976 1.46638 
-1.47104 -0.677469 
-1.32704 -0.686517 
0.760967 -1.29377 
0.0609646 0.617389 
1.43803 -0.0798367 
1.39062 -0.69649 
0.71314 0.74021 
0.649241 0.142731 
-0.668273 -0.0598239 
-1.38631 -0.593676 
-0.68911 -0.873101 
1.45668 -0.740163 
1.47507 -0.00956246 
-1.44333 0.0306059 
1.43775 -1.3264 
-1.47227 -0.111084 
1.39298 -0.026814 
1.45257 -0.0288386 
-0.061386 -0.0128308 
0.735844 -0.800621 
0.0016261 -0.646532 
-1.38236 -0.0230518 
-0.115918 -0.720547 
-1.39166 -1.43961 
0.652671 1.37653 
1.40548 -1.41452 
-1.30601 -0.839391 
0.579041 1.61449 
-0.0101559 0.0249659 
-1.42454 -0.724556 
-0.59037 -0.704143 
-1.51534 1.39895 
-0.628387 -0.158487 
0.799034 -0.654184 
0.130529 -1.33854 
0.607726 -1.49849 
0.0229931 0.749063 
-0.640671 0.72513 
-1.47423 1.45191 
0.0526372 0.128041 
-0.683668 -0.734652 
1.33633 -0.738222 
0.693166 -0.0514944 
0.788251 1.36176 
1.41828 -1.38332 
-1.50415 1.43471 
0.803991 -1.37422 
0.696605 -1.37897 
0.139075 -1.43898 
-0.745951 -1.42359 
-1.33488 -0.0325724 
1.30274 -0.0866902 
-1.41205 -0.669855 
0.608921 -1.51106 
-0.611779 0.640901 
0.740915 -1.26573 
-0.828153 0.782753 
-0.744545 -0.0306092 
0.70164 1.41457 
-0.0822483 -0.715589 
1.40671 0.055556 
-1.45979 -0.00718652 
-0.702169 0.04787 
-1.48108 -0.6301 
1.4242 1.38118 
-1.34863 0.733771 
1.41648 0.721297 
-0.752714 -0.62565 
0.0493667 -0.00642943 
0.621768 0.735645 
-1.32432 0.712058 
-0.0728075 -1.37733 
0.5903 -0.0159806 
1.40282 -0.817127 
0.791023 -1.37956 
0.623721 -0.779522 
-1.5359 -1.29285 
-0.836386 0.0840908 
-1.35508 -0.753633 
1.30519 -0.60436 
-0.855391 -0.695323 
1.44455 1.42795 
0.882271 1.49343 
0.806341 0.705343 
0.114219 0.0447031 
1.49269 -1.43486 
-0.70671 0.833902 
-0.798831 -1.5446 
-0.117043 -0.11331 
1.56337 -0.702222 
0.69958 -0.745702 
-0.680916 0.579717 
-1.48831 -0.778113 
-0.791734 -1.40553 
-1.51553 -0.565202 
-0.58972 1.52636 
-1.41233 1.51383 
1.55398 -1.26158 
-0.703082 1.49122 
-1.30499 1.49828 
-1.40762 -1.45655 
-0.584375 -0.693316 
-1.35031 1.45602 
1.34678 0.668243 
1.40006 0.736487 
0.634188 0.766849 
-1.34456 1.47415 
-1.37741 1.4128 
1.4128 -0.0854156 
-0.0113223 -0.117729 
0.761077 -0.605553 
0.584599 0.0225072 
1.31768 -1.41377 
-1.4884 0.738008 
0.0201777 -1.4223 
0.0312776 -0.0853711 
1.39667 0.0326961 
1.42558 0.708198 
-0.11075 -1.36924 
-0.638319 1.47136 
-1.30352 1.34121 
0.692413 -0.0410006 
0.768538 1.42922 
-1.33271 -0.80954 
-1.35609 1.43225 
-0.773821 0.700317 
1.37977 1.50194 
1.37613 0.0463795 
1.44784 1.31567 
-0.04364 0.709409 
1.51183 -1.45626 
1.37914 -0.654189 
-0.72802 -1.30936 
0.0277937 -0.00629049 
0.0245402 1.34782 
0.574477 0.147591 
-1.36951 0.0605414 
-1.53265 -0.697141 
-0.864626 1.34065 
-1.43035 -1.47473 
0.0749318 -0.685537 
-1.41938 -1.41334 
-1.43014 0.0190815 
1.45952 -1.53346 
-0.739213 0.0253014 
-0.695393 0.714564 
1.51375 -0.598582 
0.687042 0.709173 
-0.0278105 1.48964 
0.720039 1.36836 
1.26929 0.0450381 
-0.704318 1.50454 
0.700906 -0.755497 
-0.692049 -0.645172 
-0.105962 -0.637785 
-1.45946 -0.11738 
0.0386605 -1.5176 
0.686978 1.5377 
-1.34472 0.578506 
1.50042 -1.27816 
1.57389 -0.740037 
-0.626586 -0.727971 
-1.35603 0.173007 
-0.647114 0.554327 
-0.0202279 1.36868 
-1.38447 0.760588 
0.0366415 1.44664 
-1.44707 -0.689269 
0.0813803 0.0253736 
0.778427 -0.0631308 
1.4323 1.28255 
0.0072247 0.0393462 
0.819394 -1.28929 
-1.43159 -0.624044 
0.00418023 -1.44231 
0.600456 -0.678887 
0.764428 1.23548 
0.706076 0.708862 
0.750319 0.718745 
1.3392 0.832816 
-0.0754892 1.46213 
0.491221 0.57771 
1.51638 -0.751695 
0.675959 -0.672877 
-0.70873 -0.0108106 
-0.809839 1.36688 
-0.135438 -1.53506 
0.704874 -1.42465 
-1.3723 1.48883 
-1.47302 1.45485 
-0.773521 0.661287 
1.47883 1.41443 
0.029126 0.564942 
1.44348 -0.73232 
-0.873948 0.0643781 
0.73265 -1.50111 
-1.38532 1.50144 
0.0390757 -1.47221 
-0.612919 -0.025465 
1.32644 -1.54149 
0.764082 -1.34193 
-0.818169 1.36742 
-0.738872 -0.711708 
-1.53232 -0.15811 
-0.0777235 1.46391 
-0.0322676 -1.38658 
1.46482 1.43482 
1.46289 -1.38841 
0.0156967 -0.621846 
0.68197 1.39972 
-0.648914 1.53743 
-1.45871 -0.599112 
-0.728288 -0.0848746 
0.592466 -0.678214 
0.0364566 0.68871 
1.42679 -1.41789 
-0.659606 1.50762 
1.42232 0.744816 
1.39956 0.0965725 
0.677737 -0.739324 
1.32504 0.699195 
-0.682298 0.613239 
0.00123816 -0.125139 
0.666936 0.672092 
0.16052 0.022998 
-0.663205 1.37542 
1.39264 1.4964 
0.673347 1.4587 
0.719167 1.4469 
1.40588 1.47381 
1.30909 -0.0583475 
-1.44999 0.851874 
1.39608 0.0246 
0.864385 -0.57098 
1.45729 1.52798 
-1.43265 1.36625 
1.46788 1.36945 
-1.41836 -0.591505 
1.39404 1.43116 
-0.763227 1.50262 
0.751341 1.37737 
0.656681 -1.39671 
-0.732461 -0.028896 
-0.0254233 1.48119 
-0.127271 -1.32626 
-1.31018 0.0927292 
1.51868 -0.639615 
1.32395 1.34791 
1.49655 -1.36006 
-1.45154 -0.669901 
-0.63879 1.47515 
-1.57425 1.39877 
1.54779 -0.670985 
0.605601 1.41015 
1.33579 0.0442099 
0.692266 0.845739 
1.31113 0.703207 
-0.68815 -0.00285317 
-1.43123 -0.0343966 
0.757082 0.766718 
1.5744 -0.776422 
0.000414762 -0.611373 
1.29221 -0.0770739 
-0.0385685 -0.755498 
1.56406 -1.38956 
1.3482 0.00391619 
-1.35321 -1.38544 
-1.31917 -0.719526 
-0.0543114 -1.37603 
1.36849 0.126026 
-0.740573 -0.650467 
-0.679208 -0.609955 
0.743894 -0.674571 
-0.106969 -0.110136 
-0.0668146 0.802935 
-0.72128 -0.00350949 
0.0714955 -1.43471 
-0.605986 -0.638754 
0.80763 -0.0480368 
1.45609 -0.0111833 
0.797374 -0.726982 
-0.0417707 1.36334 
0.0294705 0.0122559 
0.708373 -1.33483 
-1.40807 1.49281 
0.765793 -1.39983 
-0.793029 -1.4373 
-0.104523 0.903075 
-0.78184 -1.49421 
0.779942 -0.642022 
-0.731696 -1.35875 
-1.33156 -0.738545 
1.41842 -1.38934 
-1.30342 -1.3741 
-0.147723 -1.38692 
-0.827821 1.3317 
-0.744787 0.125903 
-1.33281 0.657497 
0.72468 -1.40487 
-1.4487 0.0616792 
0.666384 1.36842 
-0.758224 0.761372 
0.00937758 -0.742919 
1.35768 1.44913 
-1.37231 -1.27581 
0.546539 -0.0157041 
0.760544 -0.150231 
0.0698038 -1.42613 
-0.670958 -0.713941 
-0.782215 -1.47975 
-0.0278867 -1.65619 
1.33259 0.833133 
0.648139 1.40069 
0.0287762 0.747381 
-0.015633 1.41259 
0.67543 1.45158 
0.002165 -0.668865 
0.102073 -0.582776 
1.39136 -0.720225 
-1.41669 1.41041 
0.498019 0.773928 
1.35875 0.0803187 
0.8405 -0.677128 
-1.35326 -1.43876 
1.40957 0.0383734 
-1.364 -1.41248 
0.0168196 -0.68588 
-0.132991 0.763618 
-1.29442 -0.883132 
-0.852527 0.725437 
-0.698179 -1.37688 
-0.689831 1.21197 
0.833127 1.44687 
0.648873 0.0391999 
-0.654831 0.0443333 
0.720863 0.740819 
-0.0998084 1.46229 
0.164137 -0.70759 
0.798348 -0.5481 
0.641114 -1.45624 
-1.50736 0.657048 
-0.726052 -0.751388 
0.701472 0.0115428 
1.38531 -0.0322264 
-1.40836 -0.0704981 
-1.38756 -0.681669 
1.39013 0.680168 
-1.46822 1.48829 
0.668307 0.762488 
0.775371 -0.0336462 
-0.0644275 -0.497806 
-1.40242 1.45749 
0.710688 -0.652061 
-0.624715 1.4432 
-0.63925 -0.0796652 
-0.743476 0.645613 
0.0273056 0.0513817 
-0.0602974 0.818546 
-0.557934 -1.49657 
-1.37745 0.0259293 
-0.0176553 1.50034 
1.36831 0.743874 
-0.857285 -0.708163 
1.30071 1.39117 
0.815339 -1.46787 
0.617453 -0.0374367 
-0.679784 -1.46324 
0.0140334 -0.669915 
1.3563 -0.0788545 
-1.47535 -0.00134488 
0.0401042 -0.624543 
-0.615525 -0.796577 
-1.25423 -0.861936 
1.32351 1.37687 
-0.768861 -1.31823 
0.710701 -0.686718 
0.700642 -0.662871 
-1.41678 1.3893 
-1.47488 -0.726586 
0.722735 -1.45584 
0.748946 -0.632836 
0.625228 0.714354 
-0.748063 1.39256 
1.34539 -0.650451 
-1.42827 -0.699145 
-0.0505012 -0.665652 
-0.761801 -1.60122 
-0.118922 -0.758816 
1.49047 -0.749398 
-0.000104831 1.34863 
-0.825637 0.120592 
0.630093 -0.809331 
0.677258 0.701558 
-0.832233 0.0678488 
0.727342 0.766575 
-0.0301261 1.36087 
-1.63019 0.674271 
-0.680486 -0.803478 
-0.723222 -0.684128 
1.33096 1.34337 
-1.41064 1.43769 
-0.125616 -0.0869621 
-0.121184 1.36002 
-0.152431 -0.587989 
0.00436622 0.00128356 
-0.168719 0.80665 
1.34133 -1.51298 
0.650544 0.117477 
-0.696207 -0.813976 
1.54513 0.655124 
-0.726036 0.0247831 
-0.151843 -0.668429 
0.0280232 -0.0724394 
-1.37542 -0.00144919 
1.37687 -1.4843 
1.40201 1.47761 
-0.725276 -1.3403 
-0.620437 0.641945 
-1.52708 -0.689047 
0.567766 -1.45951 
-0.697682 -0.119266 
-0.0751718 -1.3755 
0.0608706 -0.954026 
0.00515635 -0.723267 
1.45401 0.758588 
0.584958 -1.59395 
-0.656969 -1.4688 
-0.0306305 -0.547628 
-0.0322088 -1.39215 
-0.602132 -1.32928 
-0.11149 0.708903 
-0.113769 -1.26056 
0.864504 -0.119448 
1.53254 -1.3368 
0.701188 -1.49721 
-0.71973 -0.6994 
-0.864912 1.30125 
0.80589 -0.708653 
1.50574 0.636751 
1.32306 -0.709036 
0.142157 0.136485 
-1.41998 1.4663 
1.399 -0.785682 
-0.775195 -0.00178788 
-0.692607 1.50915 
0.75883 1.41463 
-0.643811 -0.743958 
-0.0281146 -0.0222 
0.0616282 -1.44258 
1.38429 1.32238 
0.785464 -0.755668 
0.789007 1.4615 
0.00454473 -0.0269425 
-0.711447 0.0800375 
0.709435 1.441 
-0.590914 -1.318 
1.47847 0.820289 
0.568797 0.567565 
-0.078542 1.33635 
1.43156 0.713863 
-0.0352175 -0.0943525 
-1.42809 -0.711507 
1.35186 -1.49166 
1.39971 1.48302 
1.44619 0.828848 
0.681219 -1.38853 
1.58994 -0.763711 
-0.740112 0.689432 
-0.676489 -0.671583 
1.36526 1.38702 
0.536788 0.798666 
-0.802759 0.130852 
0.650403 0.677296 
1.38501 -0.661078 
-0.715487 -0.768642 
-0.749823 -1.359 
-0.732674 0.733719 
1.43691 -0.078805 
-1.48303 -1.2476 
1.47268 -1.28248 
1.4195 -0.0190289 
1.46129 -1.30443 
-1.36173 0.050605 
-0.0517151 1.41598 
-1.41227 -1.4286 
0.578747 -1.40516 
1.32132 0.771196 
-0.720578 -0.665857 
-1.42054 0.706765 
-1.23614 1.43709 
-0.680268 -1.46966 
-0.748139 0.779683 
0.0312998 0.728335 
-0.630798 -1.54327 
1.53626 -0.651573 
-1.43213 -0.760028 
0.639867 0.126951 
-1.3469 1.44828 
1.43347 -0.659826 
-0.787186 0.84235 
0.0425038 -1.49973 
0.698495 -1.45181 
-0.00773472 -1.4941 
1.19749 -1.40727 
-1.42249 0.602213 
-0.674343 -0.545466 
-0.658691 1.48481 
-0.621026 -0.717423 
-1.36878 0.672128 
-0.686491 0.707164 
0.828056 -1.42444 
0.712486 1.3857 
0.667016 -0.678466 
-1.32333 -1.35367 
0.721408 1.41022 
0.0723587 1.39471 
-1.43986 -1.38994 
1.46808 -1.34244 
-1.41 0.699318 
1.43214 -0.0523508 
-0.0773764 0.784244 
-0.0161449 1.50212 
0.758621 0.615118 
-0.639756 1.49098 
-0.732382 0.691929 
-1.34489 0.0567367 
1.27827 0.0701923 
-0.103742 -1.48122 
-1.34066 0.0880684 
-1.36586 -1.40905 
1.43123 -0.652519 
1.30791 0.822017 
-1.43276 -1.27602 
-1.48151 -0.673215 
-0.648944 1.27634 
-1.37324 1.30145 
-0.704714 -1.56876 
-1.45955 -0.0301238 
-0.694328 -1.39769 
0.630494 -1.32476 
1.43389 -0.0173436 
1.33604 -1.46581 
-0.790788 1.378 
0.716702 -0.766236 
-1.40743 -0.734957 
-0.629316 0.676917 
-1.32355 -1.42707 
-0.678541 -0.624301 
-0.0686422 -0.657076 
-1.36142 0.700422 
-0.0515147 -0.660603 
0.679247 0.0983817 
-0.724672 0.7103 
0.0279706 -0.824727 
1.40313 -1.45681 
-0.551167 -1.387 
-0.0847514 -0.0115961 
0.603052 -1.46007 
0.611275 0.789887 
0.791553 1.36976 
-0.681568 1.40443 
1.39251 -0.584821 
0.115646 -0.693206 
0.634949 0.67359 
0.614701 -1.44729 
0.902881 -0.0644466 
-0.0687536 -0.774946 
-1.46642 -0.00328726 
1.21184 0.702269 
0.725691 1.34247 
-1.46008 0.744454 
-0.716346 -1.43744 
-0.709895 -1.36948 
1.3081 1.45624 
-0.141632 -1.2534 
0.0234328 1.28733 
0.0482185 -1.34795 
0.647968 -0.648568 
-1.4272 0.72663 
0.735853 1.41018 
-0.704166 -0.680859 
-0.664942 1.39553 
0.841951 -0.0243297 
1.37397 1.37547 
-1.36907 0.643968 
-0.722421 1.40632 
0.056654 0.593926 
-1.40123 1.56334 
-0.70947 -0.719221 
1.41255 1.48774 
-0.030884 -1.45274 
1.38103 0.683051 
-0.900776 1.34196 
-0.667599 0.647669 
-1.33071 -0.728155 
-0.0604028 -0.0128333 
-0.754065 -0.878228 
0.687431 0.0765582 
-0.835115 1.38379 
0.661956 -1.40692 
-1.49555 -1.37 
1.38981 -0.000561899 
0.0111663 0.790717 
-0.13116 -0.741368 
0.60848 -1.38088 
-1.39194 0.563512 
-1.5508 1.40586 
-0.695621 -0.0081156 
-0.836487 1.31186 
1.50007 1.52876 
-0.102917 -0.784531 
-0.68989 -1.45591 
-0.0821881 1.38411 
-0.796861 0.826579 
1.41501 0.0340377 
-0.118251 -0.640709 
1.3957 -0.688117 
0.610552 0.595127 
1.50423 -0.0117043 
