0.628851 0.631078 
-0.885322 0.740838 
0.68726 0.761654 
-1.44399 1.32237 
0.791084 0.749386 
0.655255 0.689197 
0.12475 1.46159 
-0.750697 -1.37102 
-1.47225 -1.36152 
-0.000233479 0.748594 
1.38573 0.0917706 
0.0337581 -1.42436 
0.0485265 -1.24442 
1.44301 0.655696 
1.27251 0.725836 
1.42303 -1.33418 
1.50047 -0.00496161 
-0.764283 -1.3411 
0.729358 1.52208 
-0.663269 0.627519 
0.69386 -0.0529001 
1.45367 1.40539 
1.40421 0.00946847 
-0.706306 -1.48418 
-0.746779 1.38948 
-0.725927 -1.36823 
-0.0355322 -0.836418 
0.0611187 0.728889 
-1.25698 -1.37381 
-1.43449 0.604539 
-0.719443 0.621001 
-0.622711 1.48481 
1.23722 0.749431 
-0.766064 0.744458 
-1.36026 0.162912 
0.683844 0.617973 
-0.0602068 0.639653 
-1.52938 -0.688675 
-1.41597 -0.0973239 
1.24205 -0.0994023 
-0.0996902 -0.692519 
0.653869 0.190029 
1.43146 -1.40111 
-1.4362 0.717859 
1.47071 -1.29888 
-0.606838 1.30792 
-1.4336 1.37703 
-1.35361 1.5104 
-1.47972 -0.0354645 
1.45608 0.711671 
-1.39176 1.49984 
1.54548 1.47793 
0.744865 -1.32687 
1.42055 -0.619139 
-1.43399 -1.41465 
1.37866 0.628557 
1.41439 1.37446 
-0.797208 1.38097 
0.081589 -0.640636 
-0.712786 -1.30947 
-0.723686 0.668657 
1.38003 0.581835 
-0.643832 -1.44887 
-1.43811 -0.622495 
0.0765709 -1.28818 
-1.37901 0.720151 
-0.767367 -0.729909 
0.0442316 0.0389751 
0.697819 1.32173 
-1.47709 0.0602638 
1.31973 -0.802006 
1.47228 0.859298 
-0.0854107 -0.729295 
-1.36012 1.4766 
-0.695231 -0.71514 
-0.688402 -0.067312 
1.44409 -0.0395827 
-0.710758 -0.0210604 
-0.779164 0.746555 
0.553292 0.629121 
-0.075936 -0.128053 
-1.38117 -0.650741 
0.813034 0.809145 
-0.764079 1.35778 
0.691549 0.698934 
-1.3568 -0.036871 
1.44976 -1.43013 
0.703129 1.37033 
-1.3699 1.61275 
-0.799795 -1.44219 
0.0551105 0.68624 
-0.0242847 0.733736 
-0.665088 -0.765909 
1.43655 -0.719774 
1.44749 0.584368 
-1.3798 0.128641 
-1.41134 -1.37598 
-0.708562 -0.0276707 
0.638434 0.603274 
-1.52238 -0.668848 
-0.00935539 -1.43396 
-1.32777 0.11355 
-0.732078 0.707409 
0.61797 1.45076 
1.46875 1.36853 
-0.0608226 -0.617291 
-0.823635 1.2597 
-1.47585 -1.4979 
0.772073 -1.55956 
-1.58976 -0.657912 
1.47397 0.754126 
-1.57605 -0.657223 
0.718476 -0.702996 
-0.773273 1.43022 
1.42282 1.41702 
-1.47675 -1.45314 
-1.45847 1.51788 
-0.638634 0.681121 
-0.640809 0.577706 
0.701073 -0.707606 
0.624156 0.556034 
-0.0375679 0.0445291 
-1.49479 0.744675 
-0.603082 0.60894 
-0.7058 1.3492 
0.693248 -1.36692 
-0.00931502 -0.0296559 
-1.4416 1.43252 
-0.0235514 -1.29497 
0.636688 0.0266484 
1.37054 0.757541 
0.75205 -0.822318 
-0.000552206 1.39774 
0.0479122 0.674881 
1.41654 -1.29436 
0.57962 0.685774 
0.842361 0.861979 
-1.4236 1.34379 
-0.65793 -0.706344 
-1.42278 -0.608155 
0.63177 1.49689 
-0.606242 -0.771028 
0.73388 0.707626 
-0.598257 -1.34082 
0.100927 -0.738027 
-0.656523 -1.50532 
-0.156017 1.37859 
-1.51544 -0.101106 
-1.2874 0.0512718 
1.28331 -1.57316 
-1.4559 1.47716 
1.49931 0.0149739 
-0.800481 0.0156515 
0.0256835 1.56387 
-1.42923 1.26754 
-0.0808477 -1.41155 
-0.63889 -1.31508 
-0.60343 1.51679 
-1.41934 -0.00404539 
-0.0767337 0.832465 
-0.636611 1.51956 
1.39629 -0.675456 
-0.000268447 1.37965 
-1.53956 -1.37445 
-0.790588 0.84466 
0.701738 -1.36115 
0.104777 1.37877 
0.681123 -0.63569 
-1.40435 -0.742397 
-0.676885 0.677023 
0.0880485 -1.56753 
-0.00310154 1.33031 
-0.672029 -0.593052 
1.44942 0.0233008 
-0.0458847 0.692735 
0.711961 1.47335 
1.39443 -1.36976 
-0.00486384 0.695311 
-0.619309 0.0212818 
1.48665 -1.41765 
-1.35543 -1.4269 
1.39621 -0.0925491 
1.50366 -0.759832 
-0.494521 0.00767102 
0.0538386 -1.48773 
0.0463158 -1.43531 
-0.611196 1.47464 
1.36545 1.37384 
0.801754 -1.37989 
-0.728545 0.0243236 
-0.727318 -1.4397 
1.4766 -0.598755 
0.659153 1.35764 
0.628526 -0.759122 
-0.784221 -1.41108 
-0.041581 0.0636058 
-0.603251 1.42941 
1.28989 -1.40506 
0.749247 1.44207 
-0.682715 1.43054 
-0.599608 -1.534 
0.652077 -0.654329 
1.49628 1.44846 
-0.0378535 -1.32538 
-0.632482 -0.760141 
0.706215 0.0425437 
0.043709 -1.46045 
-1.41699 1.4528 
0.0715164 1.38326 
1.47536 -0.0449095 
1.40724 0.640925 
1.53184 1.32074 
-1.32566 -1.36514 
-0.0517118 1.47674 
-0.639182 0.0304153 
0.767063 -0.0610209 
0.619956 0.610883 
-0.7378 1.41612 
-1.39408 -0.682978 
1.39973 -0.597808 
0.0731926 1.45287 
-0.752287 1.43548 
-0.589086 -1.28791 
-0.734772 -1.40922 
1.3801 -1.37721 
1.43422 0.630786 
0.631835 0.116388 
-0.0347051 -0.0439905 
0.132554 1.51406 
0.765315 -0.0132485 
0.781398 0.804818 
-0.199712 0.807698 
0.643633 -0.0340952 
-0.65969 0.544897 
-0.772139 -0.645059 
-1.43792 0.785848 
1.36404 1.42796 
0.645764 -1.37925 
0.649005 0.656512 
-0.615796 -1.42328 
-1.44116 0.918604 
-0.618442 -0.728889 
-1.44121 -0.0660174 
0.743383 -1.42458 
-0.721321 0.642908 
0.63577 0.0910718 
-0.0713388 0.743996 
-0.611834 -0.115369 
-1.3377 0.754286 
0.668396 -1.47007 
-0.772223 -0.585208 
0.740926 0.760278 
1.44254 -1.48749 
0.0261057 0.0339777 
-0.787895 -0.0256597 
-1.44298 1.3678 
0.8338 0.727546 
0.0192418 -0.810723 
1.50419 0.68146 
-0.823942 1.43262 
1.40683 0.0128131 
1.45897 -0.757597 
-1.40637 -0.75127 
0.705367 -0.697868 
-0.0356624 -0.0609285 
1.36424 1.38263 
1.44229 1.3557 
-0.0818438 0.716249 
-0.652276 -1.43236 
-1.39771 1.53606 
0.862834 -1.52814 
0.0576674 0.106573 
1.41713 -0.750668 
-0.0557727 -0.158909 
0.079186 0.0486535 
0.0215408 0.0336405 
-1.40379 -0.729388 
-0.653408 0.727178 
0.49387 0.0540541 
-1.46882 -0.034766 
-0.814666 0.0997367 
-1.40449 1.34195 
0.7132 0.703281 
1.44406 0.644487 
-0.0812295 0.607058 
-1.43556 -1.39963 
0.064662 -0.833271 
1.29925 -0.714669 
0.00172727 -0.842688 
-0.0188898 -0.761686 
0.760792 -1.37545 
-0.0246822 0.77682 
0.647463 1.42301 
1.44572 -1.34823 
-0.60943 1.3678 
-1.42804 -0.137085 
1.44279 -0.747525 
-1.34855 0.674112 
-0.123319 -0.643341 
0.133259 0.111337 
1.27453 -0.697466 
0.759682 0.689049 
1.48243 -0.0318946 
1.45198 1.41269 
1.36559 0.0606717 
0.0488517 0.753968 
-0.646417 -0.0817215 
-0.620296 0.549114 
-0.831113 0.0518998 
0.773334 -0.686313 
-1.37145 0.628506 
-1.45504 -0.0479649 
-1.34505 1.48766 
-0.690422 1.43538 
0.0911058 -0.772503 
0.908536 -0.670702 
1.38817 -0.695779 
-0.795827 0.590637 
1.45683 0.670119 
-0.753106 0.0392645 
0.692164 0.032397 
0.713484 1.33726 
0.0409679 -1.51809 
-1.3932 -0.728795 
1.27761 0.531216 
1.37554 0.0901494 
-1.4102 -0.610289 
-1.32287 -0.77257 
1.37649 -0.0624565 
1.44101 1.43431 
1.4341 0.795523 
0.742322 1.28906 
-1.4618 0.623817 
0.616259 0.78196 
1.24079 1.45673 
-1.37175 -0.778188 
-0.731132 1.38962 
-0.00514008 -1.3035 
1.48491 1.41084 
0.541033 -0.679138 
0.0261409 -1.36047 
1.33399 0.786415 
-0.784221 -0.645263 
-0.646968 0.00730125 
0.693218 0.585596 
1.34841 1.4467 
-0.74456 -1.449 
-1.2869 -0.813866 
-1.4335 -0.606402 
1.38967 -0.875212 
0.80434 -0.1587 
1.37316 1.28384 
-0.673507 -1.41885 
-1.41858 0.623294 
0.686433 -0.013249 
0.793376 0.794416 
0.0100579 -0.655885 
1.42167 -0.00763524 
-0.737734 1.43003 
-0.691323 0.743375 
-0.0718727 -0.123505 
0.737614 1.45288 
-0.0442091 1.34525 
-0.606924 -1.4475 
0.815437 0.014118 
0.12027 -0.666675 
-0.00666464 -1.41779 
0.105833 1.49492 
-1.45973 1.46664 
-0.768558 1.30876 
0.738398 -0.611054 
-1.38206 1.37542 
0.673783 0.0212252 
-0.819044 0.688685 
0.647134 0.708248 
0.561991 0.631126 
1.45954 -0.717153 
-0.133935 0.7946 
0.672342 0.617246 
0.647668 0.678725 
1.45355 -1.45373 
-1.35216 1.46194 
0.698194 0.556519 
-0.62086 -0.0798515 
-1.34349 0.764863 
0.801144 1.42946 
0.632553 0.0370337 
0.0132861 -1.30934 
1.36515 -0.964452 
-1.42335 -0.0141703 
0.729225 1.36163 
-1.42541 1.39342 
-0.0900436 -0.602175 
-1.39786 0.737328 
0.0124983 -1.33869 
0.593023 0.0687406 
0.767785 -0.650101 
1.5365 -0.653273 
-0.808483 0.0983687 
-0.588703 0.61675 
1.52583 1.46154 
1.49489 -1.28727 
1.41405 -1.44371 
-0.628405 1.45577 
-1.55919 -1.44127 
0.000878581 -0.0447334 
-0.0126752 0.785802 
0.679193 0.692723 
0.013961 1.44353 
0.0209124 0.730178 
-1.3319 0.668881 
0.572689 0.687678 
0.704531 0.691705 
0.737965 0.708737 
0.0649295 -0.78642 
0.0489893 0.747014 
-1.39365 -0.738298 
-0.111575 -0.15915 
1.45441 0.0398254 
-0.720222 1.33373 
-0.777302 0.0553315 
0.69884 -1.312 
-1.52177 -0.688542 
0.755409 -0.6186 
-0.695279 -1.54236 
-1.40813 0.13324 
0.0371932 -1.35163 
1.31815 1.36823 
-0.682525 -0.782973 
-1.21474 0.693324 
1.48181 1.49706 
1.44307 0.743089 
0.634467 -0.762741 
1.37912 1.46814 
0.65509 0.012678 
1.4521 1.4276 
1.4516 -1.46125 
1.4561 1.22388 
-0.0329817 1.46324 
-1.37378 1.33548 
-0.0535057 1.35878 
-1.36688 -0.770521 
1.35712 0.026059 
0.606687 0.644424 
-1.48588 0.732616 
1.3684 -0.651126 
1.44226 1.39226 
0.728438 1.50641 
-0.0425461 1.49482 
0.0219085 0.026353 
-0.11104 -1.37796 
-0.754395 1.3741 
-0.761298 0.618423 
0.732423 0.58682 
-0.0129422 -0.601951 
1.54114 -1.36012 
1.45479 0.739039 
1.50871 0.731807 
-1.3155 -0.694689 
1.40806 0.556145 
1.34438 0.0223725 
0.691404 1.41455 
1.26743 1.38077 
-0.0581318 1.21766 
0.757375 1.38216 
-1.36445 -0.0802093 
-0.758013 -0.102806 
-0.0414229 0.0233853 
-0.694224 0.0451159 
-0.808597 0.733174 
1.50078 0.657269 
0.708623 0.818935 
-1.40059 -1.34407 
0.575768 -1.38216 
-0.059057 -1.40906 
0.743811 -0.723854 
0.673185 1.36867 
0.778098 1.35929 
-1.37547 -0.676494 
0.748084 -1.32495 
0.0755838 -1.30053 
-0.654191 -0.0657195 
-0.752005 -1.4711 
-0.0287651 0.0101271 
-0.83301 0.0475263 
0.00195877 0.653142 
1.33443 -1.45082 
-1.3587 1.30525 
-0.625889 -0.669238 
-1.47289 -0.093272 
-1.43159 1.36076 
-1.34822 -1.43181 
-1.35638 -0.0511949 
0.0120689 0.619598 
0.090186 0.0895067 
-1.47304 0.646203 
-1.38585 -0.750339 
-0.0453996 -0.708618 
0.685143 -1.30999 
1.46693 0.872343 
-0.764771 -0.00761037 
-0.699067 -0.702614 
-0.122652 -1.39533 
0.034513 1.40048 
-1.54154 -1.49073 
0.00826319 -0.0371933 
0.661159 -0.71159 
0.621357 1.41297 
-1.40722 -1.46628 
1.32794 -1.4192 
-0.718674 0.703534 
-0.737452 0.587535 
0.831597 -1.40689 
-0.79003 -0.705146 
0.640654 0.0944917 
-1.58275 -0.163206 
0.562864 1.45143 
-0.00654942 -0.798016 
-0.877396 0.781696 
0.686895 -1.33972 
-1.30973 0.105482 
0.677295 -0.727825 
-0.727639 0.0267664 
1.37174 1.43396 
-0.591945 1.46568 
-1.366 -0.633527 
-0.75205 -0.801235 
0.0554683 0.0730535 
0.662251 0.0434044 
-1.45444 0.759951 
-1.45562 1.28544 
-0.743446 0.0618587 
-0.765989 0.72581 
0.0349197 1.51794 
0.157746 -1.29504 
-1.57369 1.307 
-1.43899 -3.28262e-05 
-1.27051 0.68278 
-1.41245 0.0290771 
1.31606 0.672053 
0.70063 1.41358 
-0.0475683 -0.795439 
0.681082 -0.70595 
-0.683689 -1.35894 
-1.43109 0.772303 
1.40602 -0.772576 
-1.36167 0.0338115 
-0.746073 1.35984 
0.712026 1.31608 
0.105201 -0.00444456 
-1.51003 -0.681236 
1.43714 1.3951 
-0.784878 -1.50786 
0.796412 -1.34509 
-0.660824 -0.644752 
0.680151 0.632792 
1.45507 0.0594352 
1.37455 1.45334 
-0.687913 1.45341 
-0.630433 -1.33614 
-0.800551 0.0754204 
-0.12511 -1.46728 
1.27836 0.0251689 
1.40887 0.619522 
-1.30695 -0.791177 
0.130074 -0.0108943 
-0.609372 0.629136 
-0.762025 1.42535 
0.650855 -1.41202 
-0.676114 -1.39761 
-0.732218 -1.44077 
-1.3738 0.809418 
0.724091 0.658533 
1.45229 1.39095 
-1.48665 0.673283 
-0.652098 0.0455464 
0.686899 1.43961 
0.882032 0.713263 
-0.0930794 0.737475 
-1.39423 -1.38946 
0.711364 0.695193 
0.0925231 -0.680381 
-1.36631 0.648836 
0.744626 0.822428 
0.760693 -0.015073 
0.808814 -0.652308 
-0.700723 -1.51148 
-1.43551 0.000753946 
-1.48855 1.29376 
-0.676364 -1.44075 
-1.31534 0.680554 
0.0677853 0.0471966 
1.39469 -1.44567 
0.621103 0.0736803 
0.786316 -0.110756 
0.571972 1.43788 
-0.749245 0.697617 
-0.599994 -0.029517 
0.0192172 -1.37519 
-1.2977 1.51394 
1.36803 1.23396 
1.50578 0.0455255 
-1.4547 0.656381 
-1.37898 -0.754518 
0.747387 -1.36508 
1.37756 1.42682 
-1.47927 -0.732592 
-0.649354 -0.118397 
-1.26593 1.35623 
-1.60923 0.769238 
1.45437 -1.37775 
1.58425 -0.843549 
-1.28974 1.46732 
-1.35027 -0.802813 
0.766424 -1.4154 
0.813178 1.37105 
0.602685 -1.44132 
-1.35044 -1.41402 
0.574534 0.091433 
-0.0103721 -0.0627836 
1.35662 0.698934 
0.768554 0.712929 
-0.0676397 1.37524 
-1.47236 -0.732916 
0.00757966 0.00262358 
-1.4784 -0.722245 
1.41185 0.71408 
-1.49217 -1.46585 
0.053888 0.109572 
0.629297 -1.40477 
0.73674 -0.778724 
-1.36697 -1.48751 
0.602588 -0.755616 
-0.637388 -1.29797 
-0.665663 -0.0505786 
1.39532 1.45679 
-1.45661 -0.0395486 
-1.44796 0.846124 
-1.46732 0.0227551 
0.580144 0.596656 
-0.720456 1.52143 
-1.41315 -0.752188 
0.0719227 0.0771924 
-1.41654 -1.4644 
0.634923 1.37421 
1.45026 0.695353 
0.636928 1.60844 
-0.870887 -0.548963 
1.41017 1.44723 
-0.076599 0.731867 
-1.4763 0.688899 
-0.903652 -0.64114 
1.33405 1.44811 
0.718664 -1.53026 
1.40174 -1.45552 
1.45151 -1.37517 
1.50352 -0.860246 
1.51164 1.49152 
1.46492 0.68957 
1.53013 -1.38256 
0.125955 0.0409009 
-1.48121 0.727889 
-0.105854 0.750524 
1.35628 -0.00327711 
-0.616414 -1.39259 
0.722789 -1.43786 
-0.743748 -0.782807 
1.37238 1.45052 
0.826371 0.784765 
-0.0717308 -0.0697409 
1.43813 0.726863 
-0.00766735 -1.30096 
-0.0437395 -0.729593 
-0.584663 0.663938 
1.32346 -0.605216 
-1.42732 -1.47292 
-0.648831 -0.800551 
1.44298 1.53994 
-1.49459 -0.111975 
-0.694426 0.0791365 
0.795164 -0.0974353 
1.39308 -1.43579 
1.40329 0.0134182 
1.37527 0.636619 
0.0498811 -1.35751 
-1.44334 -1.4206 
0.0105041 -0.00549081 
-1.30272 0.553607 
-1.34298 0.670508 
-0.681417 1.44033 
-0.0282471 0.0098197 
1.49412 1.47951 
1.45275 0.627103 
-0.0521304 0.700182 
-0.693715 -0.0811797 
0.637794 -1.45054 
-0.695006 1.48551 
-1.47248 -1.34498 
-0.0133737 0.0012015 
-0.0407685 1.36423 
1.38485 1.33662 
-0.759818 -1.50182 
0.60819 1.30287 
-1.35162 -1.39508 
-1.4869 -0.629156 
-0.583438 -0.859745 
-0.150407 -0.0870131 
1.28886 -0.114728 
-1.28616 1.31705 
-1.55868 -0.0384355 
0.710287 -0.737743 
0.515331 0.654344 
1.44522 -1.33268 
1.44481 -0.0863865 
-0.0185419 -0.8506 
-1.30047 0.0365387 
1.45698 1.32268 
0.765068 -1.33974 
1.29454 0.00679376 
-0.758216 0.766248 
-0.645042 -0.873219 
-1.34239 -0.687658 
-0.734426 -0.0343325 
-1.4321 1.43525 
1.4528 -0.855053 
-0.120715 1.32215 
0.772453 -1.38752 
-0.0191907 -0.649236 
0.775405 0.810689 
-0.703232 -0.605704 
1.52939 0.0695562 
0.749061 -1.5268 
0.777822 0.740827 
-0.0495809 1.34093 
-1.3948 1.37226 
0.868501 -0.703236 
1.28562 0.734796 
-1.42869 -1.37599 
-0.724961 -1.31409 
1.49579 -0.754297 
0.0748017 -0.687501 
0.834591 -0.768737 
-0.00383541 0.684708 
-1.40346 -1.51204 
0.793621 1.35758 
-0.0386219 -0.674474 
0.654055 -0.722274 
-1.50464 0.543699 
1.38733 -0.730533 
-0.734154 0.751941 
-0.752894 -0.752232 
1.43742 1.35994 
1.34444 -0.799218 
-1.40544 -1.41734 
0.732289 0.00121541 
0.00396794 0.657716 
-1.39438 -1.44936 
1.33071 -0.0465219 
1.51921 -1.28508 
1.37136 -1.53637 
-0.737873 -0.660664 
-1.48667 -0.784081 
0.0447992 1.4343 
0.710601 1.32635 
0.833903 0.675668 
-1.37695 -1.39511 
-0.778947 -1.36229 
0.655503 0.766512 
-1.51733 -1.44755 
-1.37922 0.733441 
-0.697545 0.029298 
-0.684526 -0.020268 
-0.0645341 0.743909 
-1.44739 -1.42909 
0.751404 -1.39083 
-0.68033 -0.0352671 
-1.42601 -0.146077 
-1.33166 0.0350796 
-0.680286 -0.0102294 
-0.649633 -1.43916 
-1.31512 0.651988 
-0.707511 -0.014227 
-1.44284 1.30917 
-0.0647653 -0.681758 
-1.41757 1.34555 
0.105414 -1.45508 
1.48887 -0.665795 
-1.42972 -1.41085 
1.27805 -0.620056 
-1.50922 -0.610602 
-1.39372 1.54509 
0.5523 1.39047 
-0.604721 1.48048 
-0.689384 1.49599 
1.37912 -0.700543 
1.44049 0.723798 
0.897597 -0.0956155 
-0.0974416 -1.49399 
1.355 1.41348 
-1.47436 -0.0218599 
-0.656111 -1.40438 
0.719861 -0.0299476 
-0.779291 0.806388 
1.25649 -1.51823 
-0.0246342 -0.0272837 
0.68556 -1.44303 
-1.37696 -1.4189 
0.0224193 1.39003 
1.44755 -0.600197 
0.573506 0.144669 
0.732262 1.37216 
1.44534 -0.660158 
-1.35576 1.21804 
0.687163 -0.691342 
0.670069 0.613281 
-1.38162 1.46878 
0.0587593 -0.697801 
0.577837 0.745875 
0.019684 0.799773 
0.0163697 -1.41608 
0.876977 -1.4944 
0.0605941 0.698875 
-0.136618 -0.0724968 
1.45741 -0.086619 
-0.750186 1.39995 
0.808775 1.39088 
-0.621959 -0.807143 
-1.36168 -1.41659 
1.27224 0.796839 
-1.31827 -1.54791 
-0.000638281 -0.688553 
-1.4156 -0.769212 
-0.522568 1.49306 
-0.115041 -0.667682 
0.757792 0.734571 
-0.684474 -0.586542 
0.65359 1.43028 
0.60944 -1.37041 
-1.48923 -0.64239 
-0.110604 -0.00500665 
1.42603 1.35739 
0.614967 0.69537 
-1.40145 -0.675747 
-0.71734 1.3381 
-0.629784 1.45116 
0.690551 0.721739 
0.711906 -0.701402 
0.812576 1.4215 
0.852381 -0.0594301 
-0.137219 1.39921 
-0.531765 -0.70919 
0.672774 0.00598506 
0.78538 0.706078 
-0.738919 -0.623427 
0.689746 -1.54519 
-0.020911 1.41604 
0.771699 -1.48545 
-1.4733 -1.3359 
1.41964 0.0551875 
0.00290906 0.0170816 
0.0231678 -1.43604 
0.0317436 1.33452 
0.776224 0.794747 
1.61169 -1.34175 
1.43703 0.595785 
1.45012 -0.652662 
-0.0758191 1.54072 
1.4275 -0.824143 
-0.826574 0.0188026 
-0.733894 0.0382117 
-1.4348 -0.042528 
-1.28782 0.723298 
1.52478 -0.632503 
0.00901796 -0.608354 
1.43062 -0.687904 
-0.0792521 1.41137 
1.61253 -0.623362 
-0.0902876 -0.0560422 
0.0556897 -0.767935 
-0.0123307 -1.40028 
0.670203 -0.000706624 
-0.72747 -0.723723 
-0.575488 -0.0298094 
-0.614872 -0.753802 
1.47203 1.36626 
-1.3963 0.677481 
-0.777027 1.32043 
0.049065 1.27857 
1.37236 0.671823 
1.51407 -1.27838 
1.33844 -0.680437 
-1.47653 0.692903 
-0.70097 0.011695 
-1.39001 -1.35666 
-0.0456775 1.4589 
0.788194 -0.544088 
1.54268 -1.38641 
-1.42062 0.731449 
0.685214 -0.0482664 
0.0137625 -0.0430026 
0.681478 0.00715419 
-1.36002 -0.745886 
1.48085 -0.71625 
0.74464 1.29724 
0.0220911 -0.733161 
-0.0203034 -1.44944 
-0.651523 0.713855 
0.103952 -0.691489 
1.45366 1.52551 
0.782771 1.37305 
-1.42042 -0.0451396 
0.600647 0.0832072 
-0.705177 1.39727 
1.46857 -1.45669 
0.103697 -0.783764 
-0.648803 -1.45835 
-0.677088 0.716444 
-0.646908 0.676705 
1.37011 -1.35324 
-0.619494 -1.37963 
0.0021184 -0.737962 
1.41187 -1.34192 
-1.31385 -0.733724 
0.572327 -1.38565 
-0.826939 -1.52197 
0.667523 1.36 
0.0660402 0.658417 
0.682091 -1.38994 
-1.37075 -0.0440682 
-0.0786324 -0.0742394 
-1.39675 0.722598 
-1.40944 0.646784 
-0.179456 -0.0681205 
0.0309056 -0.000157802 
0.019462 1.34136 
-0.799743 0.744595 
-0.0271515 -0.00335004 
-1.36881 -0.752698 
-1.4789 0.0588278 
-0.0854366 1.47993 
-0.0146562 -0.735461 
1.43915 0.116591 
-0.0427176 -0.0484177 
-0.805846 1.39963 
-0.609386 -0.1342 
-0.0883393 -0.766789 
-0.0513791 1.26441 
1.40638 -0.252758 
0.0284926 -1.45896 
0.0976278 0.516005 
0.0547333 -1.37448 
-0.553218 -0.100061 
-0.0427032 -0.745491 
-0.674552 -1.43637 
0.622788 -0.851108 
0.747092 -0.0120995 
-1.39151 -0.755966 
0.711358 -0.0803616 
0.0146728 1.49105 
1.34584 -0.101647 
-0.660955 -0.687331 
-1.39113 0.693734 
-0.679754 -1.43678 
1.45413 1.35875 
-1.41142 -1.34085 
-0.680744 1.49602 
-0.0429033 -1.40431 
0.831468 -0.602691 
1.35848 -1.382 
1.33615 -0.759211 
0.659019 -1.50894 
1.38294 0.746741 
-0.0527415 1.44991 
-0.789459 -1.35713 
-0.0207603 1.41783 
-0.0964375 0.597254 
0.6548 0.0464411 
1.33095 -0.700055 
0.0525839 0.024897 
-1.46175 -0.125633 
1.28119 1.3911 
0.586031 -0.680713 
-0.60861 -0.0728043 
-0.0518142 -1.4211 
0.675742 1.36178 
0.0662047 0.0925813 
-0.00223216 -1.54693 
-1.36808 1.3264 
-0.687962 1.43961 
0.676237 0.773341 
-0.735187 1.33278 
-0.593834 1.48499 
-1.42811 -1.46487 
-1.49949 1.34368 
-0.733262 0.652721 
-1.47025 -1.31605 
0.0786828 0.641159 
1.44598 1.51586 
-0.0493464 1.29882 
1.40212 1.48675 
0.742046 -0.120893 
0.724659 1.43871 
-1.44059 -1.41989 
-1.4231 0.0324794 
-1.4132 -0.704456 
-1.38442 1.40724 
0.785572 -0.637321 
-0.746726 1.40054 
-1.5 -0.676612 
0.689147 0.702176 
1.31628 0.649587 
-0.669228 -1.43759 
-0.0984226 -1.55329 
-1.47036 0.737657 
-0.659716 -1.46888 
0.847578 -1.40434 
-0.609534 -1.54145 
1.36355 -1.51355 
-0.7389 1.48113 
0.0188926 0.661908 
-1.43252 0.0758035 
0.720609 -0.0490469 
0.673532 0.0595818 
-1.32019 -0.758577 
1.45545 -1.37677 
-0.619188 1.52299 
-0.00891311 0.0508295 
0.750055 1.51307 
0.00160761 -1.45966 
6.36215e-05 0.588003 
0.0509698 -0.615798 
1.37589 -0.105203 
0.768935 1.44853 
-0.715903 0.673627 
0.693977 -1.49024 
-1.50996 -0.648155 
-1.43486 -1.44541 
-1.41593 -1.32856 
0.141539 1.37169 
-1.42868 1.39853 
0.472353 -1.36354 
1.37918 0.673187 
0.635943 -0.731094 
-0.0475722 -0.642516 
0.0485858 -0.771658 
-1.37014 -0.668723 
0.642881 -1.35126 
-1.34823 -1.31105 
-0.781854 -0.640757 
1.58186 0.731263 
0.621986 0.0259858 
-0.595006 0.62751 
1.4396 0.00620965 
-1.34114 0.0419661 
0.690976 -0.586 
-0.0937609 1.37707 
0.0375943 -0.572687 
0.128503 -0.755164 
0.0763346 0.0549447 
1.54265 -0.63557 
1.40214 0.78539 
0.076218 0.656274 
-0.00923211 1.47465 
-0.0942769 -0.80073 
-1.49638 -1.39916 
1.45476 0.706559 
1.41678 0.749531 
-0.105636 1.34909 
-0.647435 -0.655233 
0.704242 0.0033735 
1.31732 -1.47677 
-0.682779 1.50991 
-0.69445 -0.0606649 
1.43053 1.43065 
1.46551 -1.35479 
-0.747969 0.872402 
-0.171335 0.757676 
1.29227 1.35668 
-0.0218514 1.54647 
-1.33715 -0.0804192 
0.0711804 1.4189 
-1.45307 1.32581 
-0.831635 -1.48206 
-1.52255 1.41033 
-0.0271584 1.3604 
1.45681 0.636746 
0.576002 -0.737063 
-1.5315 -0.681007 
0.670482 0.805036 
-1.49408 0.728679 
-0.75488 1.376 
-1.49896 -1.33034 
1.38411 -0.0549331 
-0.723754 1.43841 
0.608058 -0.773657 
-0.609415 -0.10392 
-0.723957 -1.39436 
0.0230921 1.5481 
-1.53427 0.605904 
1.39295 -0.723098 
0.00016121 1.36896 
-0.15158 -1.40534 
-1.39804 1.28861 
-1.33331 0.701787 
1.25385 1.17587 
1.45944 0.836926 
-0.668231 0.779698 
-1.38097 -1.35876 
-1.27026 0.133676 
-1.26758 -0.730962 
-0.611392 0.687342 
0.76536 -0.634876 
-0.61422 1.43106 
-0.703198 1.3101 
-0.660119 0.613047 
1.36804 1.26044 
-1.38464 -1.40526 
-0.633551 1.56612 
-1.41402 1.35768 
0.694978 0.0155737 
0.621266 1.38761 
0.639189 -0.819303 
0.758899 -0.000766387 
0.707231 0.0224458 
0.769363 1.46218 
1.42828 -0.0632632 
-0.686483 -0.148412 
0.670978 -0.715868 
1.26648 1.36672 
0.565551 0.0888358 
-0.722315 0.0265643 
0.00988855 -1.42833 
1.49051 0.779464 
-0.0669784 0.621435 
0.016316 -0.597415 
0.0562442 -0.745625 
-1.42497 0.0486676 
-0.0409373 -0.863449 
-1.36299 -0.691976 
-1.3409 -0.818242 
-0.683471 1.32502 
-1.4486 0.681953 
-0.821052 -1.50009 
-1.43849 1.26779 
-1.3806 0.675554 
1.47122 -0.734539 
-0.813116 -0.464471 
0.687825 0.0556444 
0.694271 -0.0317516 
1.39403 -0.564215 
-0.802591 0.730873 
-1.30959 -0.87385 
1.44221 -0.643416 
-0.595342 -1.34215 
-0.634977 -0.700342 
0.787159 0.728804 
-0.0261734 -0.696906 
-1.37438 0.0054569 
0.844829 -1.31855 
-1.40766 0.749228 
-0.798121 -0.0166959 
0.0435461 -0.822436 
0.00463738 -1.46775 
1.4514 -0.604318 
0.0235032 -0.0768087 
-0.696162 0.669791 
-0.774324 -0.796548 
0.727344 -0.800234 
-1.48679 0.73697 
0.0783863 -0.827999 
1.39422 0.700502 
0.628233 -1.31588 
1.51022 1.42373 
0.758877 0.643021 
-1.53037 -1.43011 
-0.675492 -1.49636 
0.0932144 0.576759 
0.707258 1.39958 
0.0183811 1.52854 
0.637662 1.43113 
-0.835182 -1.47106 
-0.856379 0.794495 
0.658467 -0.0207367 
-0.711714 -0.0493976 
1.32435 0.754273 
-0.679792 -1.39225 
-0.0504321 -0.0579454 
0.0569069 0.694677 
-0.015918 1.47913 
1.50235 0.716531 
-0.0131307 0.805667 
-0.669668 -1.40174 
-1.58136 -0.154174 
0.671046 -0.0854028 
-1.33688 1.45762 
-0.542059 -1.36186 
-0.677603 1.47576 
-0.678896 1.50328 
-1.43847 0.612217 
-1.37777 0.00302237 
1.39854 -1.37912 
-1.46357 -0.696888 
-0.179459 -1.42233 
0.780562 1.34867 
0.0401031 -0.569102 
-0.0328803 -0.0252628 
-1.39194 -0.0570865 
0.0046893 0.621235 
-0.741874 -1.36917 
0.59075 0.0629208 
0.0196608 0.0610149 
-0.714689 0.67488 
1.43881 0.774993 
-1.43949 -0.570475 
0.0785419 1.3433 
1.55056 0.709462 
0.787675 -0.619475 
1.41129 1.41035 
0.574718 -1.30651 
0.677218 0.0353125 
0.664829 -1.38287 
-1.30847 0.10555 
-0.0127611 -1.3249 
-0.764929 -1.3828 
1.42085 -0.633987 
-0.0863312 -1.40797 
-1.40169 -1.49065 
-0.794094 -0.650559 
1.42965 1.53971 
1.55107 0.600006 
-0.126606 1.36 
-1.39363 -0.0845181 
-1.32268 1.44815 
0.671674 -1.40308 
0.601155 -1.30492 
1.37621 -1.3496 
-1.42272 -1.50395 
-0.735234 -1.47744 
-0.0785567 -0.607478 
-0.131636 -0.645555 
0.660902 -0.703635 
0.668411 -1.33965 
0.0879908 0.712997 
0.182471 -1.37508 
-0.613109 0.540983 
-1.42496 1.37791 
0.715129 -1.39011 
0.657973 -0.684758 
-1.31141 1.47823 
-0.0659367 1.43467 
-1.55606 -1.41231 
-0.57918 -0.174219 
0.726634 1.35079 
1.45356 -1.36782 
1.3816 -0.62789 
1.48382 1.45173 
0.668777 -0.0238336 
1.40928 -1.32261 
0.811425 1.56148 
1.61224 0.754252 
0.100743 -1.29727 
0.584981 -0.0281948 
-0.699189 1.40225 
-0.759012 1.26987 
1.44377 0.0218498 
-1.41134 1.42729 
0.601386 -1.50599 
-0.0089294 -1.4343 
0.640758 -0.0121792 
-0.0378542 0.773604 
1.29944 1.33248 
1.54733 -0.0813241 
-0.655555 1.45922 
1.29247 0.587548 
-0.718279 0.0200733 
-0.0292987 -1.39174 
-1.26609 -0.747642 
-1.5032 1.44085 
1.31928 -0.736378 
-0.559616 0.591519 
1.40337 0.771666 
1.33575 0.663421 
-0.860925 -1.50042 
0.00946937 -0.0298524 
0.10337 0.669705 
-0.0183867 1.48055 
-0.642233 -0.726217 
-0.578131 0.611898 
0.821023 -0.565898 
0.70963 1.54058 
0.748676 1.4333 
-1.37877 1.3011 
-0.653238 0.770696 
-0.738227 1.47467 
-1.45483 -1.46363 
0.113727 0.0397491 
-0.102815 0.771045 
0.706978 1.41066 
0.637924 -0.743143 
0.0318516 -0.0126774 
1.35167 -0.701889 
-1.36237 0.763035 
1.47929 1.40028 
-0.624259 1.45953 
0.807487 -0.0622599 
-0.7144 -0.672866 
-1.39919 1.53129 
0.564621 -0.919559 
0.0109921 1.51082 
0.699227 -1.44766 
-1.44063 1.45493 
0.747744 1.40206 
0.743871 -0.678077 
0.723341 1.44433 
-0.682616 -0.598526 
-0.801882 0.0384938 
-0.031821 -0.696147 
0.73747 0.785824 
0.776329 -1.49461 
-0.859754 -0.619209 
0.743467 0.772933 
-0.0343245 0.841257 
1.3272 -0.0199449 
-0.76912 -1.43353 
-0.0244658 -0.647414 
1.35113 1.45518 
-0.657806 -1.39948 
1.43334 0.0613239 
1.41977 -0.144434 
0.0604054 0.703346 
1.40851 0.592009 
1.4106 -1.48035 
0.0296365 -0.620459 
0.060342 -0.661585 
0.752534 -1.44439 
0.799381 -1.32683 
-0.680735 -1.43687 
-0.641702 -0.740315 
-0.663542 -1.30975 
-0.0860904 -0.725638 
0.63734 0.685659 
0.0626632 -1.50989 
-1.53514 0.0129536 
0.759452 1.43941 
0.499353 1.43454 
0.649835 0.0202553 
-1.45463 -1.50237 
-1.43501 -0.781539 
0.081617 0.102702 
0.569185 0.561697 
-1.35527 1.42091 
-0.749608 -1.47612 
-0.650473 -0.824781 
0.094147 0.641934 
-0.801327 1.3863 
0.0475595 0.696272 
-1.27581 0.74573 
-1.41529 -0.0214209 
1.50555 0.722967 
-0.742748 -0.0307782 
0.851364 0.732084 
-0.682249 1.40866 
1.47632 1.42954 
1.42403 -1.36349 
-0.0124544 1.37709 
-1.36348 0.0149742 
-1.50596 0.707098 
1.39051 0.695419 
1.35292 1.53594 
-1.46145 -1.42012 
0.695231 1.38972 
-0.0214861 -1.45478 
-1.38057 -0.00838998 
0.655312 -0.69488 
0.864398 -1.30614 
1.42652 -1.45981 
0.716182 -1.51838 
0.00871261 0.0339364 
-1.52961 -1.43975 
1.48968 1.40582 
0.658525 1.4673 
-1.46847 -0.679791 
0.750303 0.695473 
0.711349 -1.32277 
0.679444 -1.42251 
1.43807 -0.787513 
-0.681129 -1.36067 
-0.0396323 -1.42265 
-0.695813 0.776629 
-1.35473 0.615787 
-1.38718 -0.594371 
-0.00804472 -0.0781392 
-0.600766 0.606218 
1.47501 -0.717427 
-0.781846 1.41081 
1.36049 -1.40952 
-1.29422 -0.811821 
1.39315 -0.734777 
1.45259 -0.736654 
-1.5281 1.38035 
0.733608 -0.80463 
1.41346 0.0606616 
-0.710858 1.34531 
1.23869 -1.50828 
0.0167422 1.38068 
-0.0535959 -0.737899 
0.682339 -0.726795 
0.666657 0.611386 
-0.127211 -0.499986 
-1.43581 1.45062 
0.620679 0.652003 
0.054348 0.0344688 
-1.51596 -1.42433 
-0.754877 1.2757 
0.739547 1.38305 
0.1658 0.128214 
1.37478 -1.44271 
-1.38655 0.787244 
-0.643372 0.0114191 
-1.47501 -1.37158 
0.648947 1.47807 
-0.729407 0.71892 
0.69134 0.726702 
0.695119 -0.0524934 
0.0819577 -0.752667 
-1.49219 -0.0546192 
-1.50487 -1.38859 
0.767759 -1.43118 
0.624719 -1.43858 
0.177817 0.069741 
-0.753582 -0.638046 
-0.650948 1.33344 
1.30329 -0.794223 
-0.00647301 0.745183 
-0.806789 -0.726505 
1.44201 1.41365 
0.684123 -1.29115 
0.656179 -1.433 
-1.4816 0.658975 
-0.00463606 -0.699862 
1.27166 -1.50293 
1.40699 -0.653133 
-0.802972 1.36096 
-1.40551 0.792911 
0.545058 0.773511 
1.42636 0.676683 
1.47419 0.0338368 
-1.3983 -0.70653 
-0.7475 -1.4119 
-1.32865 1.38581 
1.36212 1.50788 
1.49889 0.0116822 
-0.710628 1.48176 
0.596611 -0.0221228 
-0.669126 -1.46351 
0.718771 -0.735882 
-1.47914 -0.0578534 
-0.120802 -1.29539 
-0.0374473 0.697966 
0.0534904 0.660734 
0.665982 0.828926 
-0.848147 -1.47768 
1.44696 0.724024 
0.176219 -0.621228 
0.0848853 -1.46003 
-0.756511 0.032028 
0.714252 -0.837737 
0.813111 -1.35178 
-0.792807 -1.54239 
1.33737 1.33957 
-0.536355 -1.36755 
0.728585 -1.43961 
0.734384 -0.691454 
-0.0790807 0.630096 
-0.793449 -0.618316 
-0.098714 -0.00763585 
-0.720195 0.143917 
-1.41337 -1.30992 
1.46933 -1.34694 
0.844764 0.0366839 
-1.30646 -1.32541 
0.00618996 -1.45745 
0.0630116 0.0389076 
-1.3516 -1.36749 
-1.44144 -0.736893 
-1.43524 0.00339612 
-0.13993 -1.38675 
-1.34588 -1.34944 
-1.37859 -1.41053 
1.41302 -0.793007 
1.50914 1.34453 
0.695348 1.46488 
-0.756588 0.663188 
-0.0169927 1.51887 
1.33187 0.741201 
0.0947357 0.0714293 
1.57723 1.39836 
-0.0151593 -0.674649 
0.0886911 0.624982 
-0.746111 1.48629 
-0.765419 0.0913895 
-1.30501 -1.48183 
-0.101058 0.748829 
0.0622484 -0.685225 
0.646116 0.634636 
-1.35736 -1.39117 
-0.766164 -0.00570611 
1.38139 0.798911 
1.37622 -0.66224 
1.45029 0.610374 
-1.48506 0.714848 
0.751421 -0.856229 
-0.658871 0.669713 
1.32744 1.48035 
-1.35799 1.39799 
-0.641057 -1.41968 
-0.761438 0.772885 
-1.45272 1.39189 
-1.53209 -0.697412 
0.68943 -0.0987599 
-0.016315 -1.47545 
0.0722644 1.42838 
-0.0105579 1.40654 
-0.758617 1.39892 
0.173355 1.35218 
-1.46793 0.749044 
-0.696568 0.00861596 
-0.582357 -1.28472 
-0.0719414 -1.45949 
-0.689165 -1.30957 
0.0134369 -0.745752 
1.27053 -0.663714 
0.639595 1.47255 
0.699965 -0.758213 
-0.732907 0.782552 
1.30599 0.0693667 
-1.37246 -0.731145 
-0.629017 1.37751 
-0.019295 -0.576763 
1.47862 -0.124156 
1.42518 -1.35996 
0.872115 0.726377 
0.0332148 0.0105935 
-1.43733 1.5493 
0.754558 -0.717424 
0.687704 1.36854 
1.43822 0.0615576 
-0.624381 -1.3378 
-0.044786 0.730416 
-0.728746 0.657727 
0.617708 0.0931518 
1.43456 0.576856 
-1.41634 1.4623 
0.780886 -1.32572 
-1.42987 -0.627443 
0.0853163 0.0600682 
0.601097 -0.682916 
0.0581392 -0.878925 
-0.0461624 -1.46077 
1.53278 1.48881 
-1.44044 -0.643894 
0.631828 1.46302 
1.20177 1.30875 
0.829076 0.715222 
0.571149 1.36316 
-1.41236 0.686312 
0.74789 -0.0903812 
-0.00376722 0.00569767 
-0.701243 -0.638235 
-1.37351 -1.33482 
-1.47381 -1.36866 
-0.691489 -0.133124 
-1.27794 0.0846805 
-1.37419 -0.852544 
0.769962 0.724869 
-0.156194 -0.0847626 
-0.672223 -0.713924 
-1.38647 -1.32227 
-0.629583 1.4103 
-0.691592 0.0415054 
-0.00664447 1.33912 
0.719078 -1.38357 
-0.12162 -0.0642945 
-0.726373 -1.49026 
-1.35921 -0.856995 
-0.728239 -0.698638 
-0.682639 1.47627 
-1.29639 0.0922729 
0.681865 -0.771769 
0.0136688 1.49139 
-0.024302 -0.71471 
0.71567 1.51598 
-1.46089 -0.598639 
-0.79121 -0.00266987 
0.663441 -0.63216 
-1.352 0.678184 
0.701253 -0.731642 
0.703085 1.48198 
-1.39316 -0.695042 
1.39984 -0.611895 
0.673276 -0.745468 
0.0248911 0.612462 
0.725974 -0.661464 
1.52177 1.32259 
-0.0965398 -1.50896 
-0.699833 0.0121192 
0.0077817 -0.0593534 
1.39442 0.793306 
-0.0328778 -0.655743 
0.0128874 -0.667539 
1.40782 0.770438 
1.30975 -0.766293 
1.37124 0.153791 
1.39605 -0.683761 
0.838619 1.5075 
1.45985 0.825271 
-1.4336 -1.45689 
1.47055 0.665011 
-1.42618 -0.585761 
-1.34283 0.0929094 
-0.0780562 0.0529006 
0.0450551 -0.737055 
-0.791848 0.837342 
1.3679 -0.74706 
0.68245 1.48229 
0.630601 0.0461117 
-0.629096 1.47885 
0.833235 0.802916 
-1.39728 0.0312177 
1.41192 -1.43572 
0.594782 0.721129 
-0.770235 0.11319 
-1.57462 -1.42451 
0.853253 0.776706 
-0.100656 -0.704291 
1.33638 -0.664005 
-1.48496 1.54011 
-1.46227 -0.717408 
-1.37387 0.694062 
-0.765171 1.33335 
0.0127624 -1.39378 
-0.511092 0.576916 
1.33674 -1.41767 
1.29275 -0.785639 
1.37327 -0.048149 
1.46854 -1.46003 
1.34873 -0.704105 
0.0601748 -1.38697 
0.0889627 0.69634 
0.674615 0.015347 
1.36892 -0.582583 
-0.73925 -1.43553 
1.54967 -1.28134 
0.665848 1.35878 
1.35883 1.35088 
-1.41051 0.00974848 
0.0520494 0.635759 
0.75591 -0.0249432 
-0.672353 0.801496 
0.0118161 0.0364481 
1.4563 -0.719127 
0.740227 1.27792 
-0.700646 -0.778479 
-1.36172 1.42487 
1.4515 -1.31693 
-1.40913 -1.33086 
1.49371 -1.36658 
-0.803543 -0.64975 
-1.44579 0.109382 
1.46304 -1.36324 
0.721956 1.40466 
0.568424 0.090759 
0.651883 0.717773 
0.614879 -0.778606 
0.109344 -1.37583 
-0.764 1.47899 
0.72691 -0.112751 
-1.47864 0.920231 
1.49026 -0.0436337 
0.666886 -1.46531 
-0.791154 1.44014 
-0.0398851 -0.746007 
-0.669921 -0.0319035 
0.00741792 1.37162 
1.35903 0.745465 
0.0357918 1.54198 
-0.785055 0.626779 
-0.0144104 -0.0400531 
0.748875 -0.0127138 
-0.660489 -1.49838 
-0.779655 -1.47914 
-0.682017 1.26987 
-1.45307 -0.634774 
-0.0581266 -0.713744 
-1.36563 0.777644 
-0.682117 -0.737494 
-0.0308414 -0.662862 
1.41393 0.0383388 
0.099113 1.53003 
-0.648513 0.620817 
-1.41771 -1.41292 
1.20938 1.5534 
1.35925 -0.62838 
0.809046 1.36179 
0.0600099 -1.43984 
1.40984 -0.669909 
0.0493748 -1.41382 
0.0147796 1.42804 
-1.47735 -0.018081 
0.702745 0.552217 
0.618913 -1.4868 
0.602601 0.0701245 
-0.0269898 -0.200855 
0.126824 -0.66757 
-0.697617 0.680514 
-1.32342 0.777775 
-1.43758 1.40691 
-0.745475 -1.32745 
1.57563 -0.000321345 
0.743556 1.53745 
-0.769614 -0.674464 
1.31297 -0.0440893 
-0.723391 -1.53384 
-0.0845699 0.800818 
1.38566 -0.740073 
-0.747531 1.28636 
0.029798 0.722293 
0.0765276 0.599856 
-1.46903 -1.33535 
-1.50521 1.43637 
-0.0081704 0.0500561 
-0.0655904 1.61409 
-1.4035 -1.36603 
0.708463 -0.652151 
0.747654 1.39373 
-0.705167 -0.0130043 
-0.720642 -0.0700513 
-0.770215 0.680485 
-1.40675 0.0338139 
1.52779 1.26201 
-0.701389 1.40371 
-0.677843 -1.29753 
0.052382 0.650221 
-0.846111 -1.48855 
1.30137 0.686791 
0.784205 -1.54035 
-0.188938 0.740866 
1.53901 -1.35362 
1.42569 0.0376178 
1.35693 -0.78623 
-0.819137 1.3696 
0.0378128 1.48872 
0.0412439 -0.0247544 
0.741933 0.574128 
1.32444 0.672323 
-0.778734 -0.535462 
0.766467 -0.633374 
0.721555 -1.31717 
-1.4178 -1.43394 
-0.0634326 0.682576 
-0.727395 0.77191 
0.674236 1.41863 
1.37125 1.489 
-1.46757 -0.607304 
-0.714903 -1.32148 
-0.00844443 0.701381 
1.36134 0.0415966 
1.47631 -1.46224 
-0.119496 1.3559 
-0.573831 0.597079 
0.70805 1.34826 
0.750047 -0.043269 
0.697308 -0.735246 
-0.0912033 -1.47504 
0.741734 -0.100665 
-0.0213731 -1.38685 
-0.68896 -0.785023 
1.18822 -0.0265967 
-0.00580658 -0.0324383 
-0.715934 -1.46351 
1.33199 0.638416 
-1.41168 -1.38575 
1.33273 1.39238 
-0.767196 -0.784196 
-0.152843 1.52503 
-1.40824 1.40738 
-1.51228 0.0138939 
-1.58486 -0.219104 
-0.688274 0.745544 
-0.0192787 -0.0432144 
-1.33262 -0.0455504 
1.3743 -0.65877 
1.22031 -1.46513 
-1.35984 1.2723 
-0.708395 1.36798 
0.577492 -0.882641 
1.4039 0.77429 
1.33566 1.44906 
0.785314 -0.628976 
-1.51862 -0.693045 
-0.846091 -0.675427 
-0.763533 -0.039797 
0.0344744 0.106424 
1.47254 -0.246343 
1.41692 -0.0159714 
-1.3734 -0.684986 
-0.826294 -0.817512 
1.56325 -1.34854 
1.38116 0.159324 
0.686851 0.00381214 
1.48431 1.46258 
-1.45835 -0.0764062 
0.640242 0.0841871 
0.698142 0.0443444 
1.43661 -1.42139 
-0.748195 0.739168 
-0.708652 -1.49261 
-0.166167 -0.12685 
0.756357 1.314 
0.148801 0.574406 
-0.737997 -1.37621 
-0.640229 0.755605 
-1.42098 -1.35726 
-0.631763 0.562605 
-1.52371 0.70411 
-0.814784 0.128295 
0.052542 -0.699805 
-0.635198 -1.52994 
-1.46447 1.36487 
0.748696 -0.0266462 
-1.34743 0.0192405 
0.786312 -0.753742 
0.0827133 -0.652942 
1.52708 1.48275 
0.0731757 0.695871 
0.00328665 -0.673479 
1.50161 1.47985 
-1.35696 -0.652507 
1.2932 1.29165 
-0.735373 -0.803561 
-1.38464 -0.715746 
1.46398 1.37345 
-0.00972727 0.693459 
0.0255267 1.40547 
1.40157 0.779763 
0.107088 0.706222 
0.605024 -1.4518 
-0.518259 -1.41479 
-0.646871 -0.10337 
-0.00350384 0.0534761 
-1.36713 0.0601855 
1.25956 1.6019 
-0.0155539 0.747819 
1.40806 1.44449 
0.725802 0.781656 
-0.0288035 -0.00874995 
1.48795 -1.24189 
-0.652851 -0.050631 
1.43701 -0.786428 
-0.0732342 1.56975 
1.40257 -1.36558 
1.41969 -0.726939 
1.3879 -1.38615 
-1.44911 1.37418 
-0.705393 -1.36802 
0.00159168 -1.42978 
1.35421 -1.36672 
-1.48449 0.0310462 
-0.718744 -1.44753 
1.40115 0.00640684 
-1.23791 -1.38634 
1.37816 1.27749 
-0.734935 0.0590578 
-1.36447 0.745978 
-0.630284 -0.761151 
-0.565419 -1.3306 
-0.0198664 0.65221 
-0.695399 0.751175 
-1.3482 -1.3752 
0.76848 0.787989 
0.697642 -1.34092 
-0.628146 1.38699 
1.4383 -1.40767 
-0.666971 1.38944 
-0.20004 1.52046 
1.39917 -0.0997845 
-0.667666 -1.32974 
0.704936 1.44965 
-0.67402 0.726673 
1.45373 -0.0287724 
-0.679076 -0.00512896 
0.798488 -1.49607 
0.00620767 -0.728731 
0.670105 -0.671807 
0.0896347 -1.3556 
0.0151272 -0.704218 
0.781319 1.39485 
-0.0257269 -1.39151 
1.38829 -1.42095 
1.41191 -0.00102411 
1.43226 -0.760101 
-1.42088 -0.0101422 
-0.675473 -0.669994 
1.53667 1.35408 
0.730201 1.45774 
-0.65572 -0.0928046 
-1.42094 1.38444 
1.28026 -0.638775 
0.644202 -0.0481677 
-1.4132 1.43295 
0.0421431 1.41077 
-0.646348 -1.32514 
-1.45606 -0.651191 
-0.0236788 1.54206 
0.572805 0.697194 
0.0128364 -0.144128 
-1.37444 -1.52143 
-0.708606 -0.783177 
-0.800093 1.3397 
1.37504 1.38449 
-0.776888 -0.526737 
1.43366 -0.725401 
0.0100601 1.4438 
0.762515 -0.069086 
0.721623 -0.760259 
0.648037 0.639623 
-1.47999 -0.589717 
0.0896307 -1.42825 
-0.67138 -1.41241 
-0.0697595 1.45654 
1.46082 0.000138575 
-0.0528169 1.45305 
0.0422995 0.0293706 
-0.638797 -0.0776386 
0.0258102 1.2907 
-1.50291 -0.153602 
1.54813 1.39192 
1.38818 1.50337 
-0.809919 -0.676016 
1.35086 1.57373 
0.0852587 -0.744666 
0.673289 1.34185 
-0.677595 -1.27172 
1.52722 0.0140385 
0.750293 -0.624428 
-0.796778 -0.662372 
0.730686 0.10023 
1.27805 -1.5458 
-0.733787 -0.000268267 
-1.52075 -0.717836 
0.0194102 -0.771951 
1.361 0.0446869 
-0.714487 -1.43039 
1.35383 1.40988 
1.30885 0.752657 
-0.768728 1.5768 
0.73185 1.28628 
0.736092 0.0353172 
0.643885 -0.652864 
1.39451 0.026758 
-0.611757 0.630422 
-0.696062 -1.46732 
0.689536 1.32602 
0.668007 0.138211 
1.37551 0.670907 
1.45408 -0.0574411 
0.612979 1.34025 
0.672143 -1.4548 
-1.40236 -1.25975 
-0.0230552 0.0206396 
1.41457 0.784538 
0.6848 -0.0283671 
-1.4152 -0.732353 
-0.194297 -0.0874456 
-0.581116 -0.142978 
0.752699 0.635688 
1.42002 1.4931 
-0.0603502 -0.0847278 
-0.663519 0.715175 
0.711802 -0.0518516 
-0.745789 -0.620594 
-0.0808579 -1.37177 
1.39015 -0.708509 
-1.40093 0.849294 
-0.131603 1.37315 
-0.803533 -0.590805 
1.42889 0.565681 
-1.55144 -1.41738 
-1.38763 0.690674 
0.721536 -0.135656 
1.50315 0.826061 
1.25599 -1.55117 
0.609023 0.00405222 
0.625055 1.38413 
0.681684 -1.35239 
1.41522 -0.674128 
1.24096 -1.44609 
-0.676855 -1.35658 
1.34871 1.33149 
1.50401 -0.71965 
