-0.74582 0.693315 
-1.48498 0.690411 
-0.782217 -0.687821 
-0.0356843 1.32063 
-0.647732 -0.703152 
-0.725047 0.744211 
1.53369 1.46162 
0.656135 -1.37311 
-0.0614253 -0.656026 
-1.41908 0.0389464 
-1.46725 0.744471 
0.0337581 -1.42436 
0.0485265 -1.24442 
-1.37766 -1.4615 
1.23349 -1.47374 
-1.35467 0.848194 
-1.32129 -1.41799 
1.29112 0.749154 
0.788547 -0.563687 
0.0459748 -0.0621964 
-1.51029 0.0182551 
1.45729 -0.710468 
-1.44819 0.676852 
1.36417 0.575366 
-0.647622 -1.3345 
1.34404 0.717852 
0.717764 0.645653 
-0.654021 0.74301 
0.152862 -0.668258 
1.38699 -0.097422 
-0.000670673 -0.0716051 
-0.0409677 0.803095 
1.20774 -1.45877 
-0.0356855 0.0354905 
-0.685972 1.54356 
-0.786719 -0.873345 
-0.787245 0.650014 
0.0307678 0.568166 
0.764598 -1.45978 
-1.58134 -1.51302 
0.666524 0.75383 
1.45057 -0.546645 
-1.34044 0.752124 
1.38524 0.0176749 
0.634343 -1.41956 
-0.0317492 0.648565 
-0.0254973 1.37423 
0.0529516 1.50502 
0.589364 0.623938 
-1.36437 -1.40462 
0.015535 1.49466 
0.012292 -0.0308819 
0.746422 1.49302 
0.754848 0.816795 
-0.0233308 -0.708915 
1.30399 -1.55009 
-0.0699884 -0.0938376 
-0.664818 -0.0582348 
-0.622837 -0.641063 
1.34921 0.784449 
-0.00710049 -0.0313432 
1.30704 -1.58623 
1.42978 0.613262 
0.135978 0.625875 
0.0765709 -1.28818 
1.44334 0.0200027 
-0.756957 -1.51097 
1.47902 -0.65156 
-1.4123 -0.761593 
-0.844603 0.852635 
0.68123 0.679899 
-1.34791 -1.25462 
0.682924 0.73 
0.0465671 1.47187 
0.615583 0.087654 
0.683245 0.582726 
0.111626 0.0602017 
0.649284 0.643639 
-0.0468479 0.0405225 
-0.764477 -1.396 
-1.42293 -0.0622437 
0.712194 -0.65701 
1.49555 0.781152 
-1.33612 -0.791903 
1.33034 0.633716 
-0.702877 0.749831 
-0.707525 1.33686 
-1.40313 -0.737832 
0.0370356 1.60494 
0.6045 -1.44761 
-0.650698 0.688373 
-0.733871 0.738815 
1.42123 0.667673 
0.725868 -0.0150077 
-0.626178 1.36277 
-0.711522 1.50031 
-0.000786139 -0.670417 
0.653501 0.629618 
-0.678373 -1.42255 
0.0494816 0.581912 
-0.00935539 -1.43396 
-0.652901 1.48984 
-0.00746829 0.00768584 
-1.45733 -0.689087 
-0.0311466 -0.098032 
-0.825149 0.139284 
-0.689571 -0.171488 
-0.0650302 -0.791584 
1.44884 -1.50212 
-0.0191438 0.591638 
-0.609765 1.49025 
-0.00323896 0.590397 
-0.750157 -0.0566021 
-0.675945 -1.29395 
1.42639 -0.698424 
-0.0309624 0.670941 
-0.0498808 1.51235 
0.0726537 -0.0193741 
-0.712106 -0.786296 
0.71798 1.42909 
-0.699355 -1.48333 
1.3267 -0.645832 
1.32632 0.0444013 
-0.661722 -0.735578 
-0.581067 -0.0892183 
1.41171 -1.37694 
1.39271 -0.765791 
-0.0333368 1.42865 
-0.0235514 -1.29497 
-1.53185 1.4711 
1.30646 -1.45156 
0.811615 1.25507 
1.40996 1.39857 
-1.3696 -0.0410744 
-0.821341 -1.39613 
-0.766581 0.717741 
1.53279 0.852828 
-0.0156908 1.34163 
-1.28234 0.692849 
0.154495 0.639094 
0.715307 -0.580362 
1.48586 0.665616 
1.39411 0.653127 
1.48215 0.735016 
-0.709563 0.0508331 
0.743849 -1.50884 
1.25645 1.37966 
0.685047 1.39663 
-0.603873 1.43087 
-1.49784 0.577508 
-0.0473609 1.47242 
-1.32246 -1.39793 
-1.4426 -0.762643 
1.43586 1.56261 
-0.0212042 1.26686 
-0.0808477 -1.41155 
1.44032 0.776093 
-1.33701 1.49621 
0.755766 -1.35802 
-1.40554 1.48203 
-0.0591112 0.835579 
1.39599 0.0327039 
1.41024 1.38071 
-0.128423 -0.668902 
-1.37315 0.818053 
1.49002 -1.29587 
1.51396 1.37984 
0.687493 1.53703 
0.671404 -0.756279 
-0.757083 -0.646975 
0.0880485 -1.56753 
1.40744 1.33199 
-0.657602 -1.37442 
-1.37253 -1.38949 
-1.47698 -0.0197756 
0.770032 -0.598068 
-1.38346 0.812586 
-1.4269 -0.0171575 
-1.39229 -0.0622326 
-0.655553 1.3587 
0.0422815 0.6856 
0.0737136 0.0164453 
0.816385 0.707194 
0.797097 0.754491 
0.0538386 -1.48773 
0.0463158 -1.43531 
-1.35277 1.43563 
1.36803 -0.742393 
0.682923 -0.782066 
-1.51733 -0.0551509 
0.680399 -1.4407 
0.747585 0.0645044 
-1.43237 -0.74266 
0.72476 1.45711 
0.620523 -1.41738 
-0.037505 0.0631588 
-0.0295219 0.760233 
-1.5322 0.759644 
-1.29868 0.104781 
-1.4432 1.37975 
0.801353 -1.53357 
0.6515 1.51085 
-1.42922 -0.604898 
-0.0378535 -1.32538 
0.648082 0.065731 
-1.42117 1.4972 
0.043709 -1.46045 
-0.00920164 1.44853 
1.48112 1.38427 
-1.39447 0.629809 
1.32409 -1.53978 
0.00734513 -0.129477 
0.0845017 -0.659633 
1.35944 1.47658 
-1.24689 -0.750874 
-1.44427 0.014598 
-0.741306 0.662819 
-0.642392 -1.31176 
0.686516 -0.695494 
1.39921 0.110205 
-1.37736 0.708917 
-0.656215 -1.29121 
1.49827 0.803639 
0.665781 -1.42019 
-0.796399 1.40314 
-1.38659 -1.48681 
1.41181 -0.641641 
-0.0315207 -0.0398414 
1.54139 1.51343 
-1.32121 1.40333 
1.45251 0.775563 
-0.103198 0.722539 
-1.51673 1.36824 
-0.738935 -0.820598 
-1.38976 0.763468 
-0.0283205 -0.620392 
-1.5192 -0.618212 
1.4486 -1.30848 
-0.71721 0.712188 
1.46707 0.64452 
-0.0316127 -0.485327 
0.671663 0.0858927 
0.634406 0.594301 
0.644551 -0.812324 
0.00158135 -0.0514089 
1.41926 -0.676732 
0.0135931 0.666005 
0.668597 0.615643 
1.48511 0.0547827 
1.38793 -1.44766 
-0.75899 -1.36827 
1.40652 0.725834 
-0.713844 1.26694 
1.44892 -0.659065 
-1.42232 -0.817004 
-0.0344938 1.36537 
-0.589852 -0.730399 
-0.765188 -0.0010136 
1.39793 -1.50728 
-0.735001 -1.29343 
-1.41534 -1.40025 
0.740566 -0.0395391 
0.609018 -0.849371 
0.729831 1.43979 
0.833676 -0.0759201 
-0.730782 -0.0202197 
-0.682932 -0.0392992 
-1.40813 1.31162 
1.42583 0.633365 
0.0096972 1.53018 
1.49575 -1.48666 
-1.46119 1.44267 
0.714998 -0.0362864 
0.813069 -0.191511 
-1.42636 1.35341 
1.43555 -0.66388 
0.682893 -0.738914 
-0.726511 -0.580943 
1.2202 -0.737266 
0.696619 -1.39177 
-0.664473 0.653073 
0.00822598 -1.48176 
-0.668055 0.755583 
-0.626864 1.41096 
-0.80627 0.601948 
-0.0169481 0.712989 
-0.639787 -0.833961 
0.65888 0.740575 
-0.702808 -0.843391 
-0.723343 -0.762284 
1.44565 -1.38815 
0.0473201 0.699163 
-1.3781 0.086837 
-0.796274 -1.46891 
-1.34877 1.29365 
0.801311 1.35731 
1.44273 -0.0398917 
1.47432 -0.0267021 
-0.865376 0.121254 
-1.334 1.46213 
1.27316 0.0108747 
-0.628121 0.74376 
-1.39242 0.635598 
-0.680005 0.000439477 
-1.45702 -1.35194 
-1.37388 0.0517345 
-0.562036 -0.165475 
-0.686548 -0.822256 
-0.689439 0.607463 
-0.699604 -0.0375986 
1.45102 -0.0730792 
0.614067 0.607349 
0.0668357 -1.33809 
-1.45218 1.38907 
-0.719891 0.0301517 
-0.582203 -0.0239818 
1.38793 0.0125054 
-1.38996 0.534618 
-1.36361 -1.44684 
-1.29474 0.0397741 
-1.43078 1.47042 
0.775471 -0.690881 
0.0409679 -1.51809 
-0.772319 0.766324 
-0.757648 1.32127 
0.0634353 0.138515 
-0.790412 0.918026 
0.625719 -0.77861 
-1.44605 -1.47584 
-0.0521374 -0.0565662 
1.34848 -1.42568 
-1.38653 -0.779524 
-0.0526157 -0.785241 
-0.753565 0.825577 
-1.61121 -0.596433 
0.644755 -0.707904 
-0.637657 -1.34118 
-0.00514008 -1.3035 
-1.43238 -0.63224 
0.62103 1.55851 
0.0261409 -1.36047 
-1.48843 -1.32868 
-0.77904 -1.42643 
0.626426 0.755221 
1.34049 0.494769 
-0.114057 -0.048363 
0.657294 -1.45526 
0.651704 -0.81905 
-0.671636 0.0300336 
0.697212 -0.112395 
-1.40542 -0.0693478 
1.37584 -0.833643 
0.732702 -1.42039 
1.40313 -0.078332 
-1.4455 1.40083 
-0.645824 -0.64637 
-0.694466 -0.656333 
-1.40059 -1.42068 
-0.613042 -0.00965761 
0.0245085 0.0334844 
0.793105 -0.155127 
0.794037 -0.609693 
1.36685 1.34674 
1.47933 0.6123 
-1.40289 0.0810159 
-0.584103 -0.667138 
-0.00666464 -1.41779 
1.51501 1.49453 
-0.0511193 1.46211 
-0.668966 -1.42244 
-0.735671 0.0175813 
0.0250476 1.37265 
-1.46456 1.4557 
-0.0814286 -0.0225783 
1.26997 0.648151 
-0.766262 -1.40503 
0.741879 -0.0156343 
-0.0448827 0.707385 
-0.699569 0.672699 
-0.71911 0.724374 
-1.31095 0.67853 
0.0543692 1.4575 
-0.679566 0.621407 
0.657316 0.662476 
1.47941 0.0654158 
0.835514 -0.628864 
1.40644 -0.750351 
0.0132861 -1.30934 
1.3647 -0.258814 
0.762311 -1.35671 
-1.39346 -0.738917 
-0.0174623 1.3903 
0.680225 0.82798 
0.0124356 -0.669756 
0.0124983 -1.33869 
1.35795 -0.716258 
-0.70142 -0.0164082 
0.79241 0.0216349 
-0.659872 0.653968 
0.112336 -0.077323 
0.000708465 -0.0429879 
0.679364 -1.3926 
-0.739457 1.33391 
-0.046225 0.779087 
-0.14796 -0.735411 
0.00468236 -0.0424334 
0.0635255 0.701141 
-0.641968 -1.33676 
1.42429 1.44379 
-0.838024 0.889099 
1.49113 -0.0321076 
-0.780036 0.728637 
1.3567 0.634888 
-0.632338 0.751267 
-0.639471 -0.78708 
-0.657115 0.752583 
0.694802 -0.742602 
0.749558 -0.181401 
-1.40671 0.701054 
-0.139024 0.671107 
-1.32426 0.0506217 
1.41337 -1.3467 
0.04601 0.567629 
-0.721081 0.0201464 
0.706882 -1.54402 
-0.728463 1.51677 
0.0371932 -1.35163 
1.31993 -0.748049 
1.38994 0.661861 
0.198743 -0.714525 
-0.66153 0.0495054 
-0.629443 1.48427 
-0.73457 1.40357 
-0.0933513 -0.0342443 
1.45209 -0.791938 
-1.45214 -0.623105 
-1.29795 0.683293 
-0.676428 -0.118873 
1.37794 1.46325 
0.033172 1.33348 
1.35767 1.3601 
0.724621 -0.775116 
-1.49094 0.688079 
-0.755606 0.698328 
1.33544 0.0323877 
0.715888 0.790812 
1.44557 -0.723779 
0.787801 -0.570731 
1.36849 1.49443 
1.44037 -0.671256 
-0.11104 -1.37796 
-0.651355 -1.35036 
-0.874485 -0.730624 
-0.648918 0.650708 
-0.717497 -0.602325 
-0.678933 -1.47621 
-1.36568 -1.37681 
-0.582799 1.47361 
0.776717 -0.691785 
-1.41329 -1.5631 
-1.4974 0.689596 
-1.40618 -0.715595 
1.26834 -0.735299 
1.3531 1.22076 
-1.29544 0.0582485 
0.724854 0.579799 
-0.685369 -0.195514 
1.31964 -0.688311 
-1.30672 -0.74155 
-1.38782 0.683654 
-0.590471 1.41149 
-0.758538 -0.610245 
0.0082045 0.743155 
1.33763 -1.38799 
-0.059057 -1.40906 
0.797596 1.4087 
-1.42183 -0.741452 
-1.35909 -0.746487 
0.714791 -0.686339 
0.749579 1.49498 
0.0756819 -1.30039 
0.636074 0.665327 
0.652437 -1.474 
1.35288 -0.698711 
-0.691353 0.6034 
-1.43093 -0.0528178 
-1.43299 0.720396 
0.048454 1.3029 
1.46228 0.787977 
0.693812 -1.46204 
-0.0235152 1.35829 
0.0620461 -0.725999 
0.836543 -1.41188 
0.678684 -1.36118 
-1.40556 1.42557 
1.34784 -0.0551646 
0.700063 -0.76692 
-0.815297 0.074738 
0.687344 1.50972 
-1.35335 -1.24136 
0.585757 0.652635 
0.612733 0.0962729 
-0.122652 -1.39533 
1.44458 1.40128 
-0.0751989 0.648159 
1.4143 -0.788137 
0.674745 1.43943 
-1.45411 -0.712765 
0.00582572 0.665022 
-1.44794 0.751857 
-0.0039984 -0.00117042 
-0.848503 -0.763963 
1.48457 -1.41156 
1.25766 0.751584 
1.44281 -0.682875 
0.595147 1.32357 
0.677514 -0.610019 
-0.786432 0.00877584 
-1.47719 0.744134 
1.39699 -1.37029 
-0.622829 1.48807 
0.701203 1.41039 
-1.5265 -0.0475672 
1.3744 -0.681381 
0.0829362 1.42428 
0.729001 -0.636758 
0.559066 0.0242611 
-1.45883 1.40401 
-1.48007 1.48755 
1.36661 0.0602926 
-0.0470891 1.28442 
-1.29906 0.0521548 
-0.0340536 0.0132745 
1.44498 1.51726 
0.157746 -1.29504 
-0.162876 1.30555 
0.742267 -1.34201 
1.55345 -0.0178347 
0.673719 0.70488 
-1.50665 -1.44488 
-0.643765 0.641887 
-0.75217 -0.796078 
0.697669 1.4346 
1.3898 0.723147 
1.39058 0.072728 
1.40576 -0.0648865 
0.825663 -1.31058 
-0.650185 -1.37299 
-1.40573 -0.766031 
-1.3768 1.27574 
0.0609641 0.572112 
1.44095 -0.720721 
0.623758 -1.50973 
0.797412 1.47499 
1.42348 0.813448 
-0.63414 -1.39074 
0.118641 0.12326 
-1.50694 -0.605358 
-0.111125 0.78139 
1.44516 0.742952 
-1.34873 0.0733863 
-0.12511 -1.46728 
-1.55433 0.690623 
-1.41235 -1.49825 
0.702366 -0.729464 
1.62997 -0.733569 
-0.671258 -0.70455 
-0.628819 -0.0187146 
1.45596 -1.33279 
0.722613 -1.40603 
0.670484 -1.44572 
1.44877 0.110915 
-0.651079 0.708288 
-1.45263 -0.64687 
-0.0778914 -0.734915 
-1.25807 -0.735235 
-1.41255 -0.699961 
-0.522945 -0.745491 
-1.42933 1.34813 
0.0196765 0.709999 
-0.747229 -0.770255 
0.818371 0.76902 
1.45623 -0.0524297 
-0.707016 -0.609309 
-1.33479 1.40737 
-0.673015 -0.0181445 
0.70168 -1.5123 
0.734421 -1.35529 
-0.0746433 -1.52926 
0.721279 -1.44919 
0.0963957 -0.727517 
-1.4406 1.35846 
-0.776591 1.31905 
1.4041 -0.707075 
0.789508 -0.113472 
-1.48387 -0.698011 
-0.677389 0.622065 
-1.47006 -0.0256614 
0.0192172 -1.37519 
0.107771 1.50849 
-0.0952342 -0.187258 
-1.35922 0.71189 
-0.0453913 -0.75211 
-0.756827 0.733357 
1.44102 -1.37982 
-1.50636 -0.619889 
-0.874203 0.760289 
0.625486 0.617248 
0.138926 1.35384 
-0.202605 -0.637291 
-0.783006 -1.49942 
0.822025 -0.0968696 
0.11558 1.46277 
-0.725948 0.684924 
1.5367 -1.3351 
-1.34242 -0.735333 
1.34898 -1.42934 
0.0598313 -0.708288 
1.33078 -0.678324 
0.149195 0.633526 
-1.46543 -1.41756 
1.43478 0.65413 
1.34371 1.37636 
0.602472 -0.739446 
0.00209444 -0.00013555 
-0.699188 -0.0810304 
-0.654514 1.46271 
-0.0480452 0.667593 
-1.46365 1.45387 
0.632101 1.41596 
0.783539 1.32477 
0.0433753 -0.781441 
0.575405 1.35935 
1.4352 0.791068 
-1.2787 -0.85033 
-0.0781469 -0.038502 
0.710801 -1.39702 
-0.0385274 -0.559068 
0.700825 -1.32141 
-0.782481 0.658253 
-0.135808 0.836567 
0.666041 -0.756457 
-1.44108 1.40144 
-0.00224979 0.668428 
0.715879 -0.667246 
-1.37029 -1.4212 
-1.43762 -0.604681 
-0.86494 -1.32973 
-1.48251 -0.609702 
-0.796977 0.740778 
1.34452 -0.0117388 
-1.52382 0.771869 
-0.745026 0.0150492 
1.5035 -1.42098 
-0.771946 1.30174 
-0.792211 -1.50476 
0.767766 -0.102666 
1.51569 -0.623508 
1.37358 -1.49616 
-0.703193 -1.51275 
-1.34918 1.34759 
1.33953 0.0278622 
-0.0187264 0.670259 
-1.46639 -1.41629 
1.46618 0.679504 
1.42384 -1.42571 
1.31961 0.660056 
-0.0948324 -0.0442517 
-0.603033 -0.661445 
0.791286 -0.0792166 
-0.637513 1.47041 
-0.00766735 -1.30096 
-0.748336 -0.730141 
-0.64088 -0.653779 
0.654315 0.0573617 
-0.00856694 0.6658 
0.638832 0.0272118 
-0.0512222 0.00673968 
0.713232 1.37954 
-0.614065 0.013568 
-1.42104 -0.0176061 
-0.779433 1.32908 
0.0787511 0.0875412 
-0.682667 1.4029 
0.0498811 -1.35751 
-0.0326393 -0.714842 
0.0134014 -0.00393252 
1.52082 -0.149152 
1.47993 -0.0304184 
-1.44501 1.39256 
-0.0297391 0.0111571 
-1.42095 -0.588025 
-1.36775 -1.49055 
0.0302436 0.626104 
-1.30653 -0.890544 
0.640506 1.37068 
-0.11985 0.808937 
-0.0356221 0.742527 
1.38462 -0.708321 
1.37025 1.36548 
1.38739 -0.779833 
0.641199 -1.50893 
-1.45373 -0.789214 
0.0385731 0.709274 
-0.704993 -0.00279808 
1.51473 0.562844 
0.707373 -0.10164 
-1.53423 -1.52844 
0.119089 1.31541 
0.634737 1.47207 
0.744143 1.38833 
-0.832618 0.702461 
-0.712904 1.46002 
-1.41926 0.594477 
-0.723104 -0.851314 
-0.616877 1.41454 
1.46059 -0.794192 
1.53887 -1.27264 
-1.52851 -1.40616 
-0.683291 0.694005 
0.653152 -0.0446863 
0.744223 -0.694237 
-1.36028 -0.828566 
-0.0240268 1.43132 
0.777594 0.631286 
1.2913 1.32394 
1.54121 -1.31645 
0.725224 0.787109 
-0.667594 -0.622727 
-1.32751 0.796688 
-1.29219 -1.343 
1.43572 -1.478 
-0.664333 -0.710612 
1.36154 1.34248 
0.0125523 1.36955 
-0.620778 -0.0589526 
-1.53758 -1.38112 
-0.0179493 -0.670623 
1.34073 0.777276 
0.765921 -0.0414712 
-0.629566 -0.687831 
-0.645559 -0.107839 
0.0611337 0.619756 
0.00705281 -0.805857 
0.691819 0.0362438 
-0.743212 -0.674948 
0.662268 1.41918 
-0.0961959 -0.866752 
0.696444 -0.0268438 
-0.655789 0.677666 
-1.37586 0.660087 
1.44124 -0.756485 
1.34389 -0.0916573 
0.00508889 -0.711596 
-1.37669 1.43155 
-1.42488 -0.0582938 
0.0160951 -0.743463 
-1.4923 -1.46024 
-0.708087 -1.39329 
-1.39517 0.616944 
-0.737472 -1.44738 
0.596136 -0.801284 
1.45474 1.43467 
-1.40478 -0.7617 
-0.591079 -0.799082 
0.0334426 -0.689462 
1.26649 0.713866 
-0.825056 -0.682031 
-0.106293 -0.741667 
1.44312 0.0335012 
-1.25652 0.024895 
-0.604549 -0.0974933 
0.0189621 0.666079 
-0.0366762 -0.723288 
1.43788 -1.39972 
-1.4752 -0.124824 
0.787779 1.33304 
-0.651829 1.41556 
-0.604703 -0.0851569 
1.43049 0.625351 
1.50809 -0.0490012 
-1.33 -0.797642 
-0.0345502 1.30768 
0.694929 0.763947 
-0.00977874 1.34336 
0.105414 -1.45508 
1.48902 0.0424109 
-0.0190824 -0.705137 
0.632303 0.0417656 
0.0545083 0.644346 
0.0188473 -1.28148 
0.665185 -0.652371 
-0.0374317 0.807041 
-0.0484216 1.46139 
1.37878 0.00750143 
-0.634236 1.46753 
-1.3231 -0.00899331 
-0.0974416 -1.49399 
-0.106325 -0.0688911 
0.731173 1.49536 
0.740239 -1.41496 
-1.39649 1.37721 
-1.36845 0.766388 
1.29826 1.36763 
1.36452 -0.76601 
1.3994 -1.42966 
0.0334332 -0.713146 
1.43264 1.39096 
0.730342 0.0601992 
1.33279 -0.604945 
-1.39087 -0.732983 
0.728348 0.0222772 
-0.0477592 0.656132 
0.714538 1.46908 
-0.652975 -1.42439 
0.0254782 1.4642 
-0.736082 0.078045 
-0.750069 -1.27817 
0.0922097 0.714848 
0.0163697 -1.41608 
0.877107 1.3273 
-0.648638 0.705962 
-1.48102 -0.00235952 
-1.36462 -1.50016 
-1.32317 -0.744373 
-1.25929 0.0663631 
0.812707 -0.697589 
0.0298802 0.700106 
-1.55117 -1.31808 
0.0918613 -0.841567 
0.745474 0.759842 
0.665078 -0.776922 
0.0386894 0.816757 
-0.857835 0.101054 
1.42635 0.689491 
-0.689223 -1.37239 
-1.43643 -0.700331 
1.35392 -1.3871 
-0.704224 -0.0155854 
0.750622 -0.0108409 
1.42949 -0.758882 
-0.755387 0.749232 
0.686347 -0.676134 
-0.612363 -1.38784 
-1.37113 1.41012 
1.33384 0.671628 
0.746275 1.44737 
-1.34694 -0.703093 
0.853702 -0.0605638 
1.27482 1.39992 
1.56449 0.758885 
-0.0282536 0.707671 
1.45508 0.645744 
-0.738267 -1.39456 
0.606478 -0.895974 
1.38985 1.41665 
1.53175 -1.39112 
-0.0624673 -0.630527 
0.0952854 0.118432 
1.41119 -0.685453 
0.0231678 -1.43604 
1.44185 1.33615 
1.45218 0.769074 
-0.616197 -1.46779 
-1.38379 -1.52273 
0.728004 0.0311483 
1.33564 1.53975 
0.755329 0.65188 
-0.677943 0.566838 
-0.661564 -0.0327353 
0.736128 -1.4061 
1.53596 0.0231997 
0.777567 0.0421509 
0.750781 0.819253 
0.723013 0.00470537 
1.33225 1.41203 
0.836187 0.0427215 
1.24149 -0.820456 
0.787926 0.697131 
-0.0123307 -1.40028 
-1.46863 1.41567 
-0.723633 -1.50141 
0.713721 0.711032 
0.673843 0.0643576 
1.47645 -0.750055 
1.42578 -0.0233361 
-0.684426 -1.41642 
1.45895 1.2809 
1.303 -1.51296 
-0.716775 -1.38905 
0.661764 0.00977987 
-0.067387 -0.71506 
-1.32043 -0.775902 
0.0204429 -0.651192 
1.3654 1.45897 
-1.46767 -0.540955 
-0.684235 -1.51392 
1.40117 0.0314095 
-1.44663 1.34652 
0.0209444 -0.038625 
-1.4578 1.43857 
0.809311 -1.40759 
1.48129 -0.00820248 
-1.30726 -0.00331463 
-0.767936 0.0585214 
-0.0203034 -1.44944 
0.0623374 0.0107256 
0.823231 0.752758 
-0.042784 0.00796055 
-1.35826 -0.735882 
0.753407 -1.40177 
1.3708 -0.688957 
-0.608147 -1.33154 
-0.688252 1.3029 
-0.600698 -0.784386 
0.750331 -1.46399 
0.0405291 0.0117741 
-0.716348 -0.64626 
-1.42576 0.829836 
1.45927 0.694883 
0.744023 0.717272 
-0.754258 1.44854 
0.776632 -0.740977 
1.33092 -1.39665 
0.575647 -1.52723 
0.747538 -0.672615 
-0.64849 0.665297 
1.47182 -1.32019 
0.814248 -1.39852 
0.78397 -0.0850663 
1.42532 0.0224883 
1.41243 -0.0545147 
0.667657 -0.0733754 
1.45981 -0.71319 
1.42972 1.3429 
-0.0699625 0.0382073 
1.36247 -0.717621 
0.718003 -0.762276 
0.683576 -1.27753 
1.32614 1.47973 
-0.719213 -0.736017 
0.106098 0.154166 
1.33452 -0.798772 
-0.714081 -1.32655 
0.673977 0.594755 
0.674875 0.696204 
1.35977 1.26692 
-1.41597 -1.66734 
0.0284926 -1.45896 
0.698084 -0.832271 
0.0547333 -1.37448 
0.734195 0.63084 
-0.747299 -0.746061 
0.72679 -1.44271 
-0.746296 1.3114 
-1.35121 1.40267 
1.41414 -1.45332 
-1.4024 1.29252 
1.42499 1.4907 
-1.4769 -1.51528 
-1.28751 0.709227 
0.0192915 -0.714108 
1.39066 0.627717 
1.45775 -0.757664 
-0.000921508 -0.635426 
-1.43728 1.47045 
-0.0429033 -1.40431 
0.146172 0.651746 
-1.44618 0.784454 
1.33571 -0.0514339 
0.661502 1.31291 
-1.43869 -1.36899 
1.35842 1.45009 
0.613945 -1.36835 
1.39 1.41841 
0.546602 -1.37819 
1.44702 -0.74103 
0.660184 -0.00356001 
0.0523506 0.0236594 
0.759877 1.36461 
-1.58033 -0.642484 
0.552053 1.48084 
0.67594 0.663127 
-0.0518142 -1.4211 
-1.35202 0.0462317 
-1.44261 1.42174 
-0.00188961 -1.54598 
0.0387585 1.32458 
-0.103847 0.771857 
-0.692137 0.807905 
-0.633805 -1.40192 
-1.3253 1.45258 
-0.0056787 0.666545 
-0.0901064 1.34152 
-0.654528 0.566959 
-0.0594308 -0.610767 
0.761809 -1.34467 
1.44971 -0.598311 
1.36178 1.30089 
1.40509 -0.627646 
-1.46885 -0.0430216 
-1.38739 -0.702628 
-0.0299104 -0.714128 
0.659259 0.712047 
0.674842 -0.711764 
0.0227379 1.40385 
-0.692449 -0.0084373 
-0.653237 -1.33225 
0.0612639 0.584427 
-0.687051 0.749336 
-1.50642 -1.46771 
0.729261 -1.44301 
-0.0984226 -1.55329 
1.35055 0.0377836 
0.739823 -1.47371 
1.59225 -1.32533 
0.787269 -1.54198 
-1.407 0.644277 
-0.640955 -1.24067 
0.692665 -1.32263 
-0.75382 1.45441 
-1.38523 1.3397 
1.47786 -0.727339 
1.41972 -1.39429 
-0.710719 1.39587 
-1.36198 1.49997 
1.38793 -0.62725 
-1.29975 0.155109 
0.00160761 -1.45966 
-0.862049 0.743029 
-0.653498 -0.616191 
-1.44665 -1.51886 
-1.36671 -0.69232 
-1.2804 0.621389 
1.40649 -1.45536 
0.0639331 0.5966 
-0.00896551 0.675069 
0.00483784 0.748098 
1.55026 1.37285 
-0.0206613 1.39529 
0.477257 1.45675 
-0.678063 1.43285 
0.643756 1.41535 
-0.815047 0.123987 
0.785333 0.697037 
0.722162 -0.682313 
0.645538 1.46889 
0.0400782 0.762644 
-0.776548 -1.42192 
-0.52472 1.47523 
1.40182 -0.77924 
-0.649866 -0.710091 
-1.38254 -1.40675 
-0.663046 1.4185 
-0.771678 0.050641 
1.31792 1.37816 
-0.666709 -0.572867 
0.846893 0.711269 
-1.42356 1.36582 
1.54206 0.0723014 
1.32718 -1.42947 
0.748823 -1.32602 
1.40139 1.47452 
-0.844579 0.00985772 
-0.0854397 -0.693493 
-1.36574 -1.40992 
1.33252 -1.46427 
1.30619 1.35053 
0.644982 0.145108 
-1.41795 1.42748 
-1.45807 0.688487 
-0.104185 0.832764 
0.586581 0.678551 
1.43396 -0.684873 
-0.760825 -1.46385 
-1.33086 0.842413 
-0.0820729 0.685726 
1.29405 -0.759801 
1.38893 1.54543 
0.760559 0.574093 
1.48079 1.41946 
-0.0445833 1.324 
0.575758 -1.48512 
-0.112719 1.40689 
1.38369 1.3617 
-1.36365 -1.48102 
-0.802389 1.40742 
0.0261906 0.57804 
1.31223 0.781378 
1.32647 0.0286645 
-1.32367 -0.769909 
-0.088005 -0.624989 
0.0753616 0.0519444 
-1.49947 1.39157 
0.678913 1.42627 
0.669551 0.641154 
0.675709 -1.40821 
1.4333 1.54704 
-0.126338 -0.803465 
0.695734 -0.0141787 
1.41066 1.37015 
-0.15158 -1.40534 
0.00937507 1.28753 
0.0781091 -0.705914 
-0.171258 -0.222801 
-1.36096 -1.27735 
0.0463302 0.0623023 
0.0214938 0.73187 
-0.59108 1.5134 
0.683557 -0.730997 
-0.668339 -0.634146 
-0.7064 -0.00480414 
-0.0405319 0.75907 
-0.571372 -0.130353 
-0.740033 -0.734552 
-0.72946 -0.0995457 
0.0257889 -0.699564 
-0.0572585 0.880287 
-0.00629018 1.35526 
1.49294 -0.779509 
-1.46256 -0.719317 
-0.746188 1.33154 
-1.33053 1.42481 
-1.41237 1.46114 
-1.37302 -0.677693 
0.100426 0.0452823 
0.590738 0.582934 
0.67521 1.41605 
1.26737 -0.749584 
1.32147 -0.683777 
-1.35652 -0.744743 
0.0098024 -1.42839 
-0.595726 1.51013 
-1.50333 -0.0901721 
-0.688199 -0.597783 
0.792027 0.720858 
-0.744234 1.43258 
0.720906 0.630638 
0.727949 -0.699123 
0.751096 -0.835792 
-0.586054 -1.40951 
-0.0391833 -0.726093 
0.589891 -1.49864 
-0.0252899 -1.55486 
1.44172 -0.0252933 
0.748649 -0.0269671 
-0.804701 -1.25108 
1.49507 -0.727724 
-1.43882 1.37723 
1.39386 0.145473 
-1.39371 0.678364 
0.625714 -0.902404 
1.44213 0.0648984 
1.4963 0.745442 
1.45239 0.750214 
1.45911 0.674428 
0.726366 0.752301 
-0.645134 1.44288 
0.845307 1.50125 
1.41423 0.0495356 
-1.43423 -0.803908 
-0.660932 -0.823111 
0.00463738 -1.46775 
0.731446 0.058654 
0.900399 -0.0905419 
-0.790034 -0.650178 
-1.39722 0.609342 
0.775254 1.30409 
1.33386 0.0370861 
-0.626044 -0.828682 
-0.665381 1.45354 
1.36772 -1.35228 
-1.40918 -0.622059 
1.43032 0.578187 
-0.0659227 0.684042 
1.39379 0.549107 
0.76708 -1.4038 
-1.40693 -0.716504 
-1.42519 0.771764 
0.578941 0.0910846 
0.5682 -1.47675 
-1.44966 0.749489 
-1.49668 1.39051 
-0.640046 -0.133922 
-1.49823 -1.36133 
1.38509 0.676663 
0.811241 -0.0771944 
-1.36724 -0.011302 
1.39478 1.47894 
-0.582657 1.46475 
0.0662887 0.715874 
0.721365 -1.41926 
0.598087 1.32012 
-1.53194 -0.0032478 
0.0693498 1.45326 
1.55186 0.709337 
-0.0935463 0.793588 
-0.0939058 0.819433 
1.38295 -0.0896228 
0.808603 -1.34608 
-0.770941 1.4006 
0.631845 -0.703643 
-0.179459 -1.42233 
0.828263 -0.678516 
-0.664379 -0.569431 
1.35013 -0.7598 
0.796585 -1.41448 
-1.42779 -0.0922259 
1.32307 0.709468 
1.36631 -0.731724 
1.44576 -0.600694 
-0.811787 -0.649439 
1.3505 -1.44272 
0.124225 0.688188 
1.48806 1.34482 
1.42986 -1.49136 
-0.689128 0.017104 
-0.071177 -0.0703877 
0.578111 1.51316 
-1.4623 1.47967 
1.38428 -1.39656 
-0.627626 1.48518 
1.3929 1.49544 
0.645428 -1.37994 
0.750546 0.799466 
-0.0863312 -1.40797 
0.011354 0.649744 
-0.785009 -1.43099 
-0.693104 0.0780503 
1.43093 -1.5676 
1.28549 1.36131 
0.680258 0.559788 
0.083275 1.44397 
1.39305 -1.4043 
1.35153 -1.34384 
-0.797362 1.44241 
-0.012121 -0.797806 
0.674447 -1.47356 
-0.783201 -0.60786 
-0.871858 0.114048 
-0.792933 -0.0610847 
1.38924 -1.36839 
-1.32593 0.00658891 
0.182471 -1.37508 
-0.682257 -0.822286 
-0.0170196 1.37509 
1.42081 -1.39448 
-0.790488 -0.0394635 
0.0943313 1.47347 
1.34539 1.43504 
-0.144846 -0.706585 
0.701457 0.563598 
-1.39104 -0.749572 
-1.30186 0.808913 
0.69376 0.0394212 
1.48844 -0.663115 
-1.47649 1.38361 
-0.835579 -1.43895 
0.839611 -0.535925 
-0.501987 1.49488 
0.100743 -1.29727 
1.34424 -0.849855 
-0.605426 -1.33146 
-0.668882 -1.4753 
-1.4159 0.686708 
-0.00359409 1.42362 
0.604491 1.31583 
-0.0089294 -1.4343 
-1.52448 1.406 
0.0375422 0.693046 
-1.56231 -0.690448 
0.171902 0.0288635 
-1.41248 1.41444 
1.24834 -1.57432 
-1.51869 -0.0530605 
-0.0292987 -1.39174 
0.824907 -0.761788 
-0.0937431 1.43681 
0.679958 0.728756 
-0.601211 -0.757224 
-1.41781 -1.34368 
-1.48664 -1.45365 
0.542657 -1.5056 
1.42057 -0.770404 
-0.769576 0.842341 
1.39235 1.48034 
0.651159 0.0879924 
-0.620825 -0.739162 
-0.654254 0.0598939 
0.77527 -0.546062 
0.661149 0.0870243 
0.0283772 1.29974 
-1.26667 0.136298 
-0.644762 -1.24613 
-0.0440846 -0.757667 
-1.36448 1.34986 
-0.0222644 0.693469 
-1.40527 -0.712761 
0.6397 1.38775 
1.46426 -0.736388 
0.674364 -0.00680392 
0.0485428 -0.643602 
1.48288 -0.715809 
-1.37045 1.41383 
-1.25861 1.33113 
0.589428 0.131208 
0.00825329 1.52551 
0.636427 1.2475 
1.42136 1.51023 
0.701276 1.37353 
-0.0323881 1.45062 
-1.38261 -0.716113 
0.792074 1.47726 
0.784011 -0.614753 
-0.676011 -1.3884 
-1.44033 -0.742453 
-0.798358 0.0760434 
1.39536 0.752718 
1.45297 -1.46337 
-1.49641 0.772476 
-0.707457 -0.672926 
0.0461682 0.753139 
-1.52086 0.643859 
0.63204 -1.4397 
-0.729036 -0.64785 
-0.111942 -0.0453169 
1.41584 0.669522 
-1.38884 -1.35129 
-1.43947 0.544845 
-1.3561 -0.00838734 
-1.41271 -1.52621 
-0.746457 1.28337 
-0.67486 -0.620858 
-0.644113 -0.66204 
0.754007 1.37676 
1.46993 -1.35701 
1.38574 0.622426 
1.44372 0.707546 
1.40516 0.777716 
-0.839445 0.0562288 
-0.729608 0.731962 
0.0626632 -1.50989 
0.663743 1.53399 
-1.29734 0.101459 
-1.48104 0.0941449 
-1.50851 1.45859 
-0.0152791 0.636409 
0.643868 -0.798647 
-1.41837 1.44624 
-0.797428 0.622869 
0.0513208 1.41726 
0.652267 -1.48282 
0.644087 0.00546412 
-1.3219 -0.07285 
-0.709969 -1.34367 
0.720235 -1.27807 
1.54815 0.0459826 
0.662154 0.640926 
1.4032 -1.47335 
-1.3657 -0.830138 
-0.571295 -0.729668 
-0.582269 -1.3176 
-1.43546 -0.618391 
-0.820802 -1.48281 
1.3982 1.37818 
0.818549 -1.33903 
1.31439 0.00674548 
-1.431 -1.42114 
-0.108768 0.0154495 
-0.0287857 0.696753 
-1.40329 -0.732363 
-0.0213754 -1.45464 
0.802031 -1.36321 
0.659592 1.44933 
1.5086 -1.34645 
-0.744539 1.29428 
1.49877 -1.40841 
1.42021 -0.657061 
-0.118522 -0.7339 
1.49368 -0.710099 
0.730288 -0.606134 
0.0944349 0.580551 
-0.632598 0.742369 
1.49509 -1.27173 
1.38967 -1.42197 
0.768326 0.684442 
1.38972 0.715083 
-0.0446015 1.39858 
0.0224659 0.0604944 
1.46799 -0.0859975 
0.181452 0.665126 
-0.0116493 -0.0793451 
-0.659017 -0.740139 
0.751881 -0.0141507 
-0.68732 -1.31733 
-0.813643 1.36605 
0.711574 -0.737904 
0.694862 -0.0232092 
0.780388 0.726407 
-0.118162 1.37748 
0.775845 1.28045 
0.0887432 0.120806 
-0.582001 -0.0933246 
-1.54488 0.651127 
1.42703 1.38173 
-0.758206 -0.738458 
0.702334 1.40648 
-0.700547 0.666289 
-0.870222 0.220457 
-0.0276621 1.44639 
-0.741654 0.699157 
1.50194 -0.654547 
-0.0588997 0.688019 
-0.625765 -0.161748 
0.790498 -0.663965 
-1.28044 1.48721 
-0.806881 1.31733 
1.43568 0.0881479 
-0.551358 -0.0670961 
-0.0641683 -0.666046 
-1.37352 0.126875 
-0.00624762 0.010008 
1.33526 0.67338 
-1.43816 1.33568 
0.808816 0.709082 
0.725486 1.46155 
-0.0938945 -0.682971 
1.44728 -1.42338 
1.43743 -1.34711 
-1.27177 1.38534 
-0.740597 -1.41942 
-0.548769 -1.3932 
0.660883 0.677598 
-0.732171 0.765953 
-0.794683 -1.50879 
-0.687355 0.00146548 
1.48134 -1.24452 
1.38333 -1.42211 
1.33914 -0.0421326 
-0.788952 0.0853455 
-1.51117 0.658563 
1.40682 0.0555319 
-0.674141 -0.0787284 
1.41642 0.0939041 
-0.808449 0.811531 
-1.39457 -1.44017 
-1.39174 0.697099 
0.694055 -0.70988 
0.655168 -1.41889 
0.0774281 1.38284 
-1.51967 -0.560811 
0.143159 0.0897845 
-1.48669 1.44787 
-1.60975 1.39773 
1.40121 0.594089 
0.749414 1.38551 
0.730207 1.44888 
1.28678 1.52443 
-1.47424 -0.00803009 
-1.37228 -0.0454334 
-0.812506 -0.602546 
0.557715 -1.48339 
-1.37364 -1.39207 
0.881595 0.809434 
0.0848853 -1.46003 
-0.602196 0.579615 
0.847987 1.36985 
1.47949 -1.37297 
-0.796359 -1.54203 
-0.118333 -0.115088 
1.56128 0.709182 
0.730317 1.3815 
-0.736895 -0.0504903 
-1.51005 -0.0808086 
-0.788122 -1.39978 
0.0549142 0.686753 
-0.5699 0.699259 
-0.00272359 -0.604985 
-1.28959 0.830961 
-1.37598 0.101444 
0.0687862 0.750342 
0.00618996 -1.45745 
0.0566771 0.0340852 
0.0586774 -0.661971 
0.648111 -0.744489 
0.741618 -1.33907 
-0.13993 -1.38675 
0.046351 0.736247 
0.0251169 0.698853 
0.751639 0.683702 
1.51419 -0.772162 
0.764077 -0.600865 
-0.0355635 -0.0363834 
1.39372 1.51818 
-1.49059 -1.37462 
-1.39237 1.40226 
-1.35838 -0.646966 
0.737497 0.772434 
0.765802 -1.35932 
-0.16123 0.819076 
-1.31552 0.0937556 
0.105057 -0.775791 
-0.0215486 0.674911 
0.796264 0.766633 
-0.722568 0.693477 
0.0337065 0.716062 
-1.57274 -0.0971036 
-1.44026 -1.31598 
0.721302 0.783549 
-0.624395 1.38195 
1.33562 0.0146172 
0.88218 1.34312 
-0.73765 -0.653547 
1.32956 -0.634625 
0.0486568 1.39479 
1.43702 0.64439 
-0.0345493 0.0604755 
-0.0442409 1.3888 
0.0367401 0.556396 
-1.50534 -0.0194281 
-0.016315 -1.47545 
1.48186 1.42883 
1.40008 1.40727 
-0.669461 -1.3337 
1.58168 1.35358 
1.35302 0.0493492 
-1.49027 -0.0746743 
1.51257 0.812994 
-0.0719414 -1.45949 
1.3847 0.786143 
-0.77679 0.05576 
1.26912 0.0449677 
-1.38379 0.124929 
0.731199 1.36123 
-0.0103299 0.0682845 
-1.53266 0.728277 
0.657489 -0.820901 
-1.37362 1.30559 
-0.723859 -0.577102 
-1.34328 -1.53793 
-0.745873 1.41823 
1.57283 0.671612 
0.0373192 0.0141685 
-0.0291548 1.54317 
-0.718612 -0.0660339 
0.758194 -0.668819 
-1.38394 -1.35105 
1.44912 0.743164 
-0.770785 0.743039 
-0.643133 0.568957 
1.39763 -0.677738 
1.35197 -1.58021 
-0.00856632 1.45784 
1.5571 -1.25904 
-0.658234 -0.000321855 
-1.4086 1.38196 
0.572094 1.48049 
-0.646318 -0.879678 
-0.0461624 -1.46077 
-1.39646 -0.571858 
-0.838419 0.875768 
0.717597 -0.603106 
-1.63211 -0.701038 
1.51452 0.659949 
-1.48342 -0.741633 
1.40946 -0.014366 
-1.46806 -0.00483428 
-1.55021 1.28788 
-1.33162 0.764451 
0.0257233 0.749153 
-0.0629709 -0.663135 
0.588943 0.595744 
-0.601526 1.46003 
0.55119 -0.862983 
-0.672403 -0.732143 
-1.50919 -0.0243121 
-1.29276 0.687922 
0.0240419 -0.617337 
-0.054087 0.741046 
-0.609971 -0.0327052 
1.40394 1.34068 
1.5062 -1.3114 
0.0243443 0.634469 
0.670971 -1.4987 
0.649602 -0.784797 
1.3351 0.760404 
-1.44557 1.43849 
-0.609678 1.47674 
0.79182 1.44593 
1.424 1.49104 
0.725155 0.7387 
-1.39167 -0.656171 
-0.681134 0.0241022 
-0.72886 -0.0826343 
0.673141 1.55502 
1.47079 -0.0226787 
0.738515 1.40453 
-1.40525 -0.673189 
0.693508 -0.698051 
0.705281 0.0507052 
0.692801 1.38243 
-0.846678 0.773794 
-0.739618 -0.0251568 
-0.000401108 -0.126578 
-0.101159 1.31277 
-0.549853 0.56201 
0.886929 -0.0680724 
1.31967 -1.4286 
0.728567 0.787713 
-0.691632 -0.668002 
-1.41341 -1.34491 
1.30889 -0.0585906 
0.0667945 0.178643 
0.699866 0.00771562 
0.865115 -0.574466 
1.3679 -1.40194 
-0.0230513 -0.750843 
1.37908 -1.51736 
0.143275 0.671886 
-0.664991 1.47235 
0.786867 0.0613468 
-0.746024 0.05637 
-1.37892 0.798653 
1.36708 -0.0397094 
0.615294 0.12135 
-1.54193 1.49967 
0.0283351 1.43561 
-0.597007 -0.638858 
-0.724278 1.40474 
-0.757539 1.32691 
-0.768435 0.76118 
-1.3905 -0.693895 
-0.163322 -0.718726 
-0.567665 -0.670476 
-0.805331 -0.704804 
0.66442 0.0174691 
-0.0758565 1.53415 
0.626361 -0.722031 
1.44784 -0.00650209 
-0.669056 -1.3976 
0.0127624 -1.39378 
-0.539273 -0.777261 
-1.44127 0.75252 
0.636267 -0.0574092 
-1.473 0.63106 
-0.688212 1.29482 
0.669119 -0.00415898 
0.0601506 -1.38708 
-1.32858 -0.0185979 
-1.46793 1.44919 
0.71562 0.841537 
0.665469 -1.43793 
0.717955 -1.4018 
0.7482 -0.673048 
-0.107209 -0.110411 
0.667497 0.680488 
-1.37091 -0.0827898 
-1.34032 1.38967 
0.0433371 0.0818711 
1.43317 -0.648468 
0.733147 -0.0109804 
-1.38429 -0.790179 
0.747731 -0.666947 
0.0449922 1.42115 
-1.31309 0.875249 
0.00141578 -0.625509 
-1.25847 0.801372 
-0.795415 -1.43593 
0.726214 -1.2198 
-0.782154 -1.49328 
-1.39091 -0.719956 
1.33119 -0.689734 
-0.720997 0.762235 
-0.7601 1.37715 
0.109344 -1.37583 
-1.56267 1.43814 
0.720504 -0.110212 
1.34228 0.222984 
0.13559 0.0509012 
1.4646 -1.37482 
-0.701908 -1.28499 
-0.744477 -0.746578 
-1.55365 -0.0301213 
1.41783 1.37278 
-1.46298 -1.37028 
1.44584 1.541 
-0.0552044 -0.0627964 
1.37017 -0.796708 
-1.34207 1.39842 
0.736366 -1.50563 
0.621023 -1.48883 
-1.44119 1.16545 
0.69334 -1.25841 
0.703245 0.742988 
0.0452259 -0.628738 
0.62071 0.0730109 
-0.79891 0.102207 
-1.43452 0.706825 
1.50837 1.5292 
-0.725256 -0.720031 
-0.00708146 -0.707249 
-1.62813 -0.530825 
0.68273 0.0352972 
0.844976 -0.674163 
1.46437 1.38255 
0.708991 0.0148774 
0.0493748 -1.41382 
1.4251 1.4285 
0.589102 0.646781 
-0.684949 0.620001 
1.35908 -1.45719 
1.37347 -0.708698 
0.14639 0.485889 
-0.57754 -0.668033 
0.0227767 -0.0181648 
1.4998 0.0785308 
-0.0293944 1.40353 
1.31274 0.758808 
-1.30316 0.670886 
0.79721 -0.550075 
-0.765385 -1.45616 
0.0291041 0.0543465 
0.680613 -1.53873 
-0.00316203 0.715125 
0.691961 -0.0257865 
-0.650219 -1.44828 
-1.39521 0.0229168 
0.735839 -1.38458 
-0.0340441 0.748376 
-0.0910663 -1.38866 
1.3862 -0.631075 
-1.49376 0.848258 
0.00701565 -0.66052 
0.744853 1.52616 
-1.37584 -0.727514 
-0.666918 -1.37605 
-0.654455 -0.148346 
-0.691145 0.596955 
0.668691 0.7003 
1.53378 -0.856789 
-0.609323 -1.32887 
1.39485 0.796828 
0.72081 -1.3272 
0.560029 -1.49011 
1.24996 -1.50329 
1.54575 -1.425 
-0.0960186 0.671808 
-0.681184 -1.46573 
-1.4306 0.698042 
0.679723 -0.0618094 
-0.679034 -0.0759289 
1.44784 1.48841 
1.47242 -0.767981 
-0.647738 0.640598 
-1.49813 -1.4446 
-0.770902 -1.32109 
0.821264 1.54176 
1.50393 -1.26383 
-0.00721797 -0.728114 
-1.49254 -0.035171 
-1.30602 0.736348 
-1.42268 -0.710398 
-1.51114 -0.572363 
-0.69647 0.0245323 
1.3443 0.760956 
-1.44353 -0.012574 
-1.48209 0.705774 
-0.765492 -1.60011 
1.29251 1.35725 
-0.625125 -0.749511 
0.770908 -0.686314 
-1.47183 0.0247606 
0.725331 1.39276 
-0.0911839 -1.47506 
-1.47303 -0.0246817 
-0.0213731 -1.38685 
0.608726 0.0386386 
-1.6355 -1.43976 
-0.00767821 -0.0344347 
0.684296 -1.46811 
-1.49046 -1.47906 
-0.00113229 -0.680146 
-0.125228 -0.0858705 
1.29138 0.656591 
1.25958 1.52426 
-0.000621285 1.40399 
0.550755 0.684293 
0.598292 1.24515 
0.0165052 0.0405657 
-0.0177968 -0.042566 
0.863563 -1.40268 
1.37393 0.0497678 
-1.57049 0.702222 
0.0468391 1.27152 
-0.612667 -1.36435 
0.653709 1.29105 
-0.661035 1.50597 
1.33789 -0.666281 
-0.69369 0.00913064 
0.0429633 0.558874 
-1.46942 0.736331 
-1.39533 -0.830719 
-1.48909 1.44972 
-1.38989 0.460496 
-1.43898 0.652108 
0.71674 -0.686894 
-1.45119 0.594454 
-0.662526 -1.46936 
0.0614213 0.178193 
-1.44569 1.43277 
1.48858 -0.652314 
0.718122 -1.43403 
-1.52823 1.56631 
1.51116 -0.745382 
-1.33369 0.726053 
-1.33271 0.687382 
0.698364 -1.48949 
-0.00835988 0.559858 
-1.3722 -0.77208 
0.836425 -1.40865 
1.32214 0.702401 
-0.563543 0.694873 
-0.0103889 -0.651784 
-0.717541 -0.786193 
1.29636 0.00371093 
-0.662253 0.679186 
-0.739722 0.077072 
0.76899 -1.53075 
-0.0557637 1.36231 
-1.35033 1.38168 
-0.675325 1.3885 
0.862494 1.3574 
0.805596 0.782654 
0.00923508 -0.0220768 
-1.3482 -0.00922735 
0.747468 0.770348 
1.50653 -0.634521 
-0.729583 0.859943 
-1.57495 -0.707693 
0.575052 0.0217715 
0.697211 -0.719997 
-0.0393511 -0.0967594 
-1.43446 -0.0151589 
1.43571 1.4062 
-0.662951 1.51228 
0.785703 -1.26127 
0.608193 1.36964 
1.58859 0.648168 
0.627771 0.629619 
1.39779 -0.61871 
-0.686692 1.44108 
-1.59851 -0.491936 
-1.44363 0.0439943 
-1.49175 -0.603457 
-0.731737 -0.660491 
1.34975 -0.734466 
-0.744808 -1.3532 
0.632889 0.687263 
0.764676 0.681123 
1.33819 1.56842 
-0.780769 1.40676 
1.41852 -0.0175072 
-0.797457 1.37978 
-0.0407016 1.37143 
1.36081 0.712521 
0.00159168 -1.42978 
-0.840383 1.39933 
0.681701 -1.30706 
0.686872 -1.44979 
-1.42123 -1.40655 
0.171854 -0.680739 
1.38092 -0.840079 
-1.52964 -0.00869773 
0.0464116 -0.660955 
-0.626097 -1.54148 
1.5343 0.759584 
-1.44927 -0.0499488 
0.0140624 0.0443774 
0.0620178 -0.669845 
1.43211 0.751571 
1.40703 -1.36733 
-0.0555921 0.722779 
-1.33563 0.737433 
-0.0884777 0.724062 
1.21298 1.51975 
-1.42323 -1.51341 
0.736828 -1.33308 
-1.39604 -0.698324 
0.04196 0.0290458 
-1.36833 -1.44195 
0.690849 0.650425 
0.799465 1.32565 
-0.698321 -0.729278 
0.677883 1.48388 
0.0896347 -1.3556 
-0.763944 0.0695443 
0.823908 -0.653194 
-0.0257269 -1.39151 
-0.788602 1.34329 
0.0864783 0.0811011 
0.725307 -0.0453275 
0.661798 0.660593 
1.39636 0.798614 
-1.39319 -0.670847 
-1.38988 -0.685692 
0.629986 0.64124 
-0.0130738 1.3815 
0.631209 0.0314048 
-1.51806 1.34249 
-0.00549175 1.42907 
1.45212 1.41144 
1.42993 0.759116 
0.618017 -0.645255 
1.38712 1.54107 
-0.791786 0.747659 
0.180284 0.546852 
0.035942 -0.815209 
-0.707741 -1.56209 
-0.708795 -1.39496 
1.37779 -0.731411 
-1.39565 0.884224 
1.43389 -0.0173436 
1.42044 1.44405 
0.759108 -0.0658286 
0.760845 1.35043 
-0.726167 0.694691 
-0.695685 0.0305494 
0.0896307 -1.42825 
0.727883 -1.42015 
1.34162 1.45663 
-1.36081 -1.41303 
1.35835 1.45319 
0.0401926 0.0279021 
0.648416 0.659958 
1.43599 1.29287 
0.699365 1.33716 
1.55385 -0.723954 
-0.0851162 -0.01008 
-0.802228 -1.45793 
-0.110752 0.0326795 
0.810901 0.718391 
-1.42158 -0.755831 
1.39125 0.82601 
-1.34816 0.680903 
-1.50283 -0.61957 
-0.793078 -1.44228 
1.55528 -0.668397 
-1.50033 0.611685 
-0.656811 -0.0837211 
0.560446 -0.722796 
-0.6851 -0.772557 
-1.46164 -1.36803 
0.683953 -1.44298 
1.35622 -0.705691 
1.26252 -1.45864 
-1.5565 1.57357 
0.793 -0.724731 
-1.36393 1.47767 
0.650418 1.52773 
-1.42791 -1.38607 
-0.674927 -0.704771 
0.705803 -1.46916 
-1.40904 -0.769093 
1.47471 -0.613021 
-1.44624 -1.44604 
-1.36798 -1.4708 
-1.45221 -0.761704 
1.39099 -1.43682 
0.00464969 0.797191 
-0.021767 0.0201683 
-0.650999 1.51698 
-1.44416 1.37138 
0.72572 -1.38499 
0.657315 -0.0990358 
-1.4416 -0.164834 
-0.629503 0.692729 
-0.0667799 -0.0211297 
-0.0579368 -0.0833544 
0.0456062 0.00831374 
0.715492 -0.0530107 
-1.373 0.789185 
-0.0808579 -1.37177 
0.693583 -0.00386773 
0.00931506 -0.555843 
1.28055 1.3743 
-1.42762 0.8176 
-1.392 -1.55296 
-0.140247 -0.711628 
1.43458 -0.00993629 
-1.48813 -0.0511722 
-0.586418 1.5469 
-1.5272 0.605031 
1.38344 -0.802228 
0.569328 0.0571411 
1.4007 -1.3732 
0.713476 0.0127887 
-1.54522 0.724387 
1.39443 0.723218 
-0.109718 -0.1216 
0.765302 -0.0129179 
